-0.35517,0.709649
-0.35598,0.709711
-0.35798,0.705306
-0.35421,0.708724
-0.35773,0.711062
-0.34211,0.692867
-0.35399,0.711640
-0.32805,0.682728
-0.33768,0.684277
-0.33848,0.684820
-0.35630,0.709886
-0.35948,0.711791
-0.33594,0.685902
-0.33998,0.687572
-0.33275,0.682248
-0.35642,0.712140
-0.34549,0.688553
-0.32772,0.679975
-0.34731,0.698107
-0.33979,0.697714
-0.36101,0.711490
-0.33599,0.681954
-0.34052,0.680132
-0.34970,0.695294
-0.33734,0.686049
-0.33575,0.686549
-0.35542,0.712496
-0.32803,0.679153
-0.33141,0.676522
-0.35008,0.712638
-0.35141,0.709295
-0.33328,0.682242
-0.34687,0.691704
-0.33373,0.677888
-0.33569,0.682727
-0.32935,0.688443
-0.34004,0.684874
-0.33675,0.693404
-0.33527,0.696664
-0.34164,0.688441
-0.33338,0.684599
-0.33823,0.695102
-0.32853,0.688520
-0.34969,0.690638
-0.36431,0.706660
-0.32982,0.686577
-0.34563,0.700473
-0.35111,0.705801
-0.33125,0.688854
-0.35024,0.711974
-0.34733,0.707273
-0.36234,0.711596
-0.33047,0.673486
-0.32501,0.686256
-0.33688,0.690746
-0.32898,0.674667
-0.33118,0.683739
-0.35135,0.703024
-0.36019,0.714829
-0.33430,0.692590
-0.35383,0.701888
-0.32665,0.679573
-0.36246,0.702771
-0.33476,0.676649
-0.35579,0.715802
-0.34788,0.699112
-0.34577,0.701011
-0.32937,0.689262
-0.34666,0.713091
-0.33011,0.674558
-0.34060,0.702039
-0.35057,0.697390
-0.36153,0.714985
-0.35459,0.699682
-0.34925,0.701760
-0.35148,0.696530
-0.35002,0.698134
-0.33143,0.692891
-0.36642,0.707588
-0.33194,0.691212
-0.35726,0.717366
-0.33163,0.672192
-0.33138,0.671986
-0.34605,0.704275
-0.34344,0.703767
-0.36574,0.705535
-0.34736,0.704082
-0.35019,0.689302
-0.34373,0.705775
-0.34460,0.704504
-0.35539,0.719473
-0.34476,0.682004
-0.32308,0.678040
-0.34830,0.683678
-0.34634,0.713432
-0.36160,0.699065
-0.33774,0.673573
-0.36259,0.701914
-0.34267,0.704648
-0.35428,0.699094
-0.35369,0.699227
-0.34930,0.718622
-0.32740,0.674534
-0.32277,0.684119
-0.32104,0.679675
-0.32327,0.680383
-0.34729,0.682678
-0.34239,0.705810
-0.34560,0.708402
-0.33303,0.671907
-0.32450,0.689722
-0.34292,0.678249
-0.32888,0.670796
-0.35366,0.690032
-0.33110,0.697099
-0.33934,0.702811
-0.36991,0.713574
-0.32622,0.669620
-0.36753,0.705198
-0.32089,0.683681
-0.36083,0.719016
-0.35594,0.698158
-0.34773,0.682239
-0.36718,0.720949
-0.36517,0.699910
-0.34725,0.717447
-0.31934,0.682459
-0.33958,0.673854
-0.36854,0.707872
-0.36689,0.701296
-0.35590,0.697342
-0.36641,0.709848
-0.37024,0.709067
-0.35079,0.683775
-0.32728,0.669155
-0.34813,0.681087
-0.32036,0.687694
-0.37386,0.716895
-0.34006,0.707593
-0.32274,0.672637
-0.34046,0.704983
-0.32078,0.688826
-0.35378,0.687118
-0.36887,0.711102
-0.37118,0.720330
-0.31917,0.676203
-0.35339,0.686987
-0.33939,0.705128
-0.31843,0.683196
-0.34390,0.711577
-0.35329,0.685175
-0.37146,0.713273
-0.31614,0.684356
-0.35099,0.720202
-0.32738,0.693167
-0.32180,0.671707
-0.32798,0.667668
-0.32031,0.674677
-0.35643,0.721309
-0.34494,0.717387
-0.36238,0.694620
-0.32851,0.699637
-0.35934,0.720890
-0.31979,0.673110
-0.36166,0.725571
-0.32102,0.670272
-0.35836,0.722947
-0.34532,0.676185
-0.32490,0.696785
-0.34259,0.672685
-0.34974,0.679393
-0.35587,0.685706
-0.33357,0.667808
-0.37153,0.722818
-0.37190,0.707170
-0.37345,0.710793
-0.34486,0.718307
-0.32834,0.700759
-0.34891,0.721441
-0.31524,0.668961
-0.35811,0.725466
-0.33871,0.667038
-0.31483,0.683160
-0.34504,0.674686
-0.36248,0.726744
-0.37462,0.707627
-0.32268,0.664505
-0.36792,0.698070
-0.37656,0.720664
-0.32620,0.698715
-0.35924,0.727698
-0.33853,0.711606
-0.35398,0.723277
-0.35830,0.726485
-0.37394,0.724754
-0.35889,0.729532
-0.37500,0.723285
-0.33728,0.666982
-0.32653,0.663533
-0.31636,0.689675
-0.35768,0.726165
-0.33692,0.665924
-0.36064,0.728510
-0.37294,0.725692
-0.35379,0.679992
-0.36800,0.695828
-0.37140,0.699434
-0.31761,0.690285
-0.32423,0.696097
-0.36326,0.692964
-0.37690,0.712252
-0.31490,0.678155
-0.37581,0.725403
-0.32292,0.696648
-0.31291,0.684945
-0.32706,0.665884
-0.33425,0.703769
-0.34047,0.714079
-0.31650,0.666945
-0.31150,0.670906
-0.32621,0.702159
-0.37837,0.717394
-0.35331,0.725085
-0.37702,0.712338
-0.35576,0.725609
-0.31206,0.670008
-0.34617,0.722109
-0.32980,0.705148
-0.35636,0.727194
-0.31244,0.685069
-0.32780,0.662154
-0.31778,0.691542
-0.35167,0.724270
-0.37618,0.710398
-0.32553,0.700502
-0.31239,0.669219
-0.35753,0.683632
-0.30789,0.671790
-0.36592,0.728315
-0.36892,0.694484
-0.34858,0.674657
-0.36671,0.730045
-0.38071,0.726508
-0.32912,0.661793
-0.31472,0.664524
-0.37783,0.710879
-0.37426,0.700817
-0.36002,0.731384
-0.37159,0.728319
-0.33850,0.715078
-0.37026,0.733306
-0.32789,0.659606
-0.37490,0.733416
-0.35747,0.729910
-0.37099,0.730210
-0.33774,0.713010
-0.35545,0.678349
-0.35239,0.727474
-0.36073,0.686027
-0.31838,0.696258
-0.38381,0.727018
-0.33879,0.716467
-0.37429,0.697103
-0.38285,0.712396
-0.38102,0.734085
-0.36266,0.689287
-0.33498,0.663289
-0.33518,0.711216
-0.31176,0.664462
-0.31133,0.688089
-0.37586,0.699187
-0.38162,0.732615
-0.34675,0.668891
-0.37480,0.697528
-0.38406,0.720522
-0.31639,0.662276
-0.37538,0.735700
-0.37522,0.736664
-0.37735,0.734396
-0.38392,0.717610
-0.33052,0.659041
-0.37700,0.705768
-0.38627,0.720380
-0.33290,0.710040
-0.35477,0.676026
-0.32952,0.657613
-0.35230,0.674239
-0.37481,0.696144
-0.31450,0.662225
-0.37954,0.708265
-0.30746,0.685123
-0.38650,0.724673
-0.35589,0.677012
-0.38624,0.726804
-0.37946,0.737816
-0.33076,0.709331
-0.37081,0.740824
-0.32466,0.704522
-0.38482,0.716493
-0.30813,0.687258
-0.35730,0.734331
-0.36330,0.734865
-0.37085,0.738822
-0.37059,0.740247
-0.35322,0.674550
-0.30530,0.673470
-0.35050,0.670900
-0.38620,0.712792
-0.30502,0.678372
-0.30952,0.688559
-0.36038,0.735941
-0.37410,0.692923
-0.33633,0.660800
-0.37116,0.741589
-0.38434,0.738973
-0.38024,0.706837
-0.35941,0.678446
-0.31968,0.660005
-0.37403,0.738898
-0.30747,0.664823
-0.36609,0.688594
-0.35325,0.672846
-0.33826,0.721132
-0.35113,0.669848
-0.31639,0.659020
-0.30514,0.660174
-0.31192,0.658001
-0.38724,0.740774
-0.31120,0.656413
-0.33402,0.660396
-0.31849,0.658659
-0.38319,0.740009
-0.30592,0.682778
-0.31139,0.658838
-0.31327,0.654419
-0.31303,0.693315
-0.32265,0.657528
-0.36756,0.736001
-0.31824,0.658072
-0.37909,0.740868
-0.38651,0.737237
-0.37149,0.691281
-0.38570,0.737870
-0.38843,0.740483
-0.38220,0.737510
-0.38627,0.731571
-0.38462,0.709406
-0.37742,0.740113
-0.36520,0.686601
-0.34080,0.723999
-0.38859,0.740352
-0.31284,0.657935
-0.38893,0.738555
-0.31136,0.692282
-0.38908,0.734445
-0.31941,0.657217
-0.38878,0.723696
-0.38749,0.717143
-0.38909,0.734483
-0.30729,0.663316
-0.31961,0.657349
-0.32185,0.704248
-0.34581,0.664795
-0.33435,0.713710
-0.33319,0.658095
-0.37939,0.741340
-0.33162,0.712070
-0.31431,0.695202
-0.37373,0.692026
-0.38593,0.741734
-0.38776,0.711143
-0.31861,0.655273
-0.35526,0.734770
-0.36546,0.685008
-0.33600,0.718318
-0.32743,0.656100
-0.36835,0.740672
-0.39142,0.739459
-0.33098,0.711277
-0.31326,0.694195
-0.38879,0.733713
-0.39060,0.741779
-0.30361,0.673404
-0.38288,0.742317
-0.39534,0.739066
-0.31405,0.695951
-0.34084,0.724775
-0.38433,0.743280
-0.36541,0.684881
-0.39425,0.738349
-0.39217,0.741318
-0.32136,0.655402
-0.36859,0.687361
-0.36601,0.683930
-0.31486,0.696774
-0.34462,0.663383
-0.39304,0.740661
-0.33961,0.660745
-0.30577,0.686692
-0.30957,0.692500
-0.31723,0.651169
-0.31070,0.650423
-0.37443,0.744009
-0.39868,0.743793
-0.38928,0.744251
-0.38800,0.708855
-0.36660,0.739550
-0.39556,0.737259
-0.38283,0.746863
-0.30135,0.677643
-0.39127,0.718237
-0.38878,0.744793
-0.34256,0.726102
-0.32358,0.654277
-0.31145,0.648728
-0.29904,0.657776
-0.37013,0.743922
-0.36301,0.738259
-0.39444,0.729751
-0.38280,0.747104
-0.37977,0.694940
-0.30195,0.671840
-0.31616,0.647793
-0.33444,0.655891
-0.39830,0.741525
-0.30323,0.681950
-0.39639,0.739603
-0.37535,0.691105
-0.29804,0.662615
-0.40107,0.737248
-0.39746,0.732920
-0.32877,0.714078
-0.31839,0.649860
-0.39725,0.753100
-0.39804,0.738785
-0.39881,0.741486
-0.31669,0.703638
-0.30933,0.649420
-0.38608,0.747145
-0.29777,0.663493
-0.39337,0.724257
-0.39434,0.720785
-0.30526,0.648630
-0.40212,0.751381
-0.30110,0.675748
-0.39564,0.731883
-0.34758,0.663050
-0.37283,0.745579
-0.32864,0.652884
-0.39598,0.751622
-0.32723,0.711663
-0.39987,0.752768
-0.39809,0.730298
-0.33741,0.724457
-0.35155,0.664694
-0.32734,0.712771
-0.39386,0.719412
-0.33042,0.717022
-0.32326,0.650000
-0.29697,0.651721
-0.40087,0.731745
-0.32650,0.653218
-0.32637,0.652334
-0.40279,0.745932
-0.40206,0.733463
-0.40274,0.752971
-0.40157,0.739846
-0.39373,0.753328
-0.32734,0.652264
-0.40041,0.747721
-0.39572,0.755570
-0.36130,0.739482
-0.32250,0.708783
-0.30804,0.694410
-0.39357,0.715838
-0.32502,0.710131
-0.40246,0.755165
-0.39160,0.753908
-0.37040,0.746744
-0.30074,0.679750
-0.29951,0.675029
-0.30083,0.681449
-0.30882,0.646417
-0.30545,0.645727
-0.29534,0.650156
-0.40083,0.754889
-0.39906,0.755998
-0.31191,0.644780
-0.40089,0.755344
-0.39995,0.756265
-0.35475,0.740638
-0.29272,0.654748
-0.37870,0.749530
-0.29451,0.660710
-0.38255,0.750376
-0.32858,0.649855
-0.30082,0.645617
-0.34192,0.730084
-0.30597,0.693032
-0.39397,0.712302
-0.40384,0.755786
-0.29787,0.676084
-0.37590,0.688789
-0.37180,0.748154
-0.40014,0.727732
-0.38892,0.753102
-0.39817,0.757650
-0.39735,0.757595
-0.31304,0.644288
-0.29746,0.675671
-0.30514,0.643966
-0.37341,0.749097
-0.38200,0.751363
-0.29744,0.646922
-0.39375,0.757271
-0.40037,0.725917
-0.39813,0.723168
-0.40354,0.731183
-0.38963,0.704679
-0.29391,0.649446
-0.34831,0.661639
-0.31343,0.644154
-0.35629,0.666662
-0.40486,0.737571
-0.40124,0.757825
-0.29544,0.646065
-0.40259,0.728952
-0.30672,0.643996
-0.38339,0.753236
-0.40120,0.724737
-0.40762,0.756066
-0.35989,0.670214
-0.29924,0.644738
-0.29617,0.674305
-0.29609,0.646731
-0.39403,0.759072
-0.32793,0.717514
-0.29068,0.654386
-0.39339,0.706822
-0.29950,0.643064
-0.29532,0.678060
-0.30444,0.691599
-0.29799,0.640169
-0.29014,0.657103
-0.40125,0.759812
-0.39648,0.715200
-0.40020,0.720468
-0.28996,0.650749
-0.37569,0.751428
-0.30056,0.686017
-0.30747,0.697916
-0.36097,0.670623
-0.33147,0.648898
-0.39807,0.761769
-0.31912,0.643031
-0.31545,0.641832
-0.37299,0.683958
-0.40616,0.740128
-0.38824,0.697856
-0.30085,0.641465
-0.41114,0.761535
-0.40469,0.726237
-0.41180,0.760423
-0.28988,0.648189
-0.35133,0.661691
-0.38764,0.754973
-0.31387,0.641357
-0.31467,0.641221
-0.36829,0.676767
-0.41448,0.759688
-0.30382,0.638950
-0.39149,0.759160
-0.39465,0.760996
-0.41010,0.763996
-0.29374,0.672404
-0.34890,0.659282
-0.29541,0.673758
-0.32120,0.711807
-0.41088,0.766169
-0.40902,0.764324
-0.30974,0.702004
-0.39743,0.713143
-0.31379,0.640928
-0.38543,0.755463
-0.41410,0.748089
-0.29004,0.665973
-0.29859,0.637917
-0.33386,0.726624
-0.38321,0.691886
-0.29285,0.672062
-0.30777,0.699540
-0.37197,0.680550
-0.29148,0.643501
-0.41051,0.767342
-0.30040,0.637205
-0.38395,0.691857
-0.41230,0.745383
-0.41582,0.758470
-0.29338,0.640288
-0.35866,0.667180
-0.29302,0.673937
-0.28956,0.666193
-0.40703,0.738128
-0.33481,0.648678
-0.37676,0.755461
-0.40728,0.738415
-0.33614,0.729096
-0.38914,0.696456
-0.41483,0.763025
-0.35106,0.740895
-0.29225,0.671535
-0.31648,0.639737
-0.37979,0.688196
-0.36633,0.749942
-0.38355,0.691241
-0.29252,0.674811
-0.39693,0.766294
-0.39110,0.698922
-0.29260,0.675500
-0.32668,0.718721
-0.37690,0.684471
-0.29160,0.671278
-0.28942,0.641166
-0.37265,0.755686
-0.34794,0.657737
-0.40307,0.720345
-0.37030,0.752274
-0.33075,0.724793
-0.28948,0.641099
-0.30963,0.639305
-0.29365,0.638920
-0.41367,0.743874
-0.28700,0.662904
-0.32376,0.640761
-0.28865,0.670441
-0.32431,0.641690
-0.28828,0.666572
-0.30850,0.638529
-0.31412,0.638040
-0.28755,0.642807
-0.33986,0.733267
-0.28853,0.640125
-0.32827,0.644795
-0.32555,0.641369
-0.41316,0.739852
-0.28544,0.645584
-0.41550,0.745432
-0.29691,0.685732
-0.29002,0.635953
-0.30067,0.635016
-0.40389,0.719058
-0.28395,0.653360
-0.38801,0.763764
-0.29179,0.637870
-0.39301,0.766326
-0.36642,0.752674
-0.40268,0.769764
-0.31441,0.710315
-0.33757,0.648699
-0.33224,0.644831
-0.37929,0.761114
-0.30346,0.697991
-0.39169,0.696643
-0.28999,0.677797
-0.28468,0.660981
-0.41719,0.745487
-0.38635,0.762575
-0.30973,0.636301
-0.40588,0.721247
-0.39645,0.704983
-0.28660,0.637736
-0.38614,0.763055
-0.40615,0.720498
-0.41623,0.739277
-0.34546,0.653933
-0.29201,0.632964
-0.28196,0.660610
-0.41881,0.766004
-0.31275,0.636795
-0.40703,0.720672
-0.29677,0.631223
-0.41780,0.743723
-0.28732,0.672072
-0.40929,0.772721
-0.31458,0.636329
-0.30452,0.634584
-0.42017,0.747933
-0.39554,0.701853
-0.37165,0.677010
-0.28077,0.654019
-0.28255,0.644608
-0.41570,0.770891
-0.32821,0.726352
-0.40951,0.721938
-0.40985,0.773118
-0.28412,0.666189
-0.28868,0.631649
-0.30438,0.701683
-0.34116,0.650903
-0.29025,0.630216
-0.41996,0.745081
-0.36433,0.754042
-0.30101,0.696900
-0.42430,0.766410
-0.30075,0.631447
-0.28159,0.664030
-0.30469,0.632524
-0.28896,0.630608
-0.42571,0.762880
-0.41217,0.772607
-0.42413,0.754803
-0.40174,0.772584
-0.29206,0.628844
-0.42546,0.766018
-0.40490,0.712211
-0.30502,0.632175
-0.29865,0.628785
-0.31455,0.634858
-0.29189,0.629596
-0.37265,0.676806
-0.29232,0.629087
-0.41966,0.741813
-0.30920,0.633643
-0.41964,0.742232
-0.29111,0.630182
-0.34554,0.739798
-0.42566,0.760458
-0.39309,0.771078
-0.32133,0.718876
-0.42560,0.764282
-0.38990,0.769085
-0.42655,0.764371
-0.29660,0.690358
-0.36847,0.757099
-0.42579,0.764943
-0.28589,0.630293
-0.28183,0.639038
-0.28252,0.635865
-0.39663,0.773184
-0.41848,0.736247
-0.36508,0.756253
-0.27962,0.641135
-0.38462,0.766834
-0.41412,0.728137
-0.42104,0.743513
-0.41952,0.771873
-0.40292,0.775446
-0.42018,0.773022
-0.38579,0.687779
-0.28306,0.669789
-0.32712,0.728277
-0.42675,0.754247
-0.42749,0.751654
-0.30297,0.628748
-0.27803,0.636781
-0.38744,0.769928
-0.42845,0.759019
-0.35709,0.752232
-0.42491,0.770196
-0.39653,0.775004
-0.42864,0.758307
-0.28218,0.668864
-0.33313,0.642231
-0.42898,0.765293
-0.38817,0.689661
-0.36850,0.758613
-0.31630,0.633056
-0.42690,0.748625
-0.27758,0.632283
-0.36239,0.755507
-0.28256,0.672117
-0.42711,0.748375
-0.42036,0.739189
-0.33784,0.644268
-0.41169,0.719103
-0.41027,0.776700
-0.32869,0.730272
-0.41321,0.777384
-0.27724,0.649535
-0.31700,0.718476
-0.35637,0.752899
-0.42423,0.773441
-0.27566,0.642811
-0.33503,0.642940
-0.27578,0.645402
-0.29553,0.624464
-0.27607,0.641752
-0.29686,0.693599
-0.41547,0.726814
-0.28442,0.677250
-0.42383,0.744161
-0.39687,0.780201
-0.28570,0.626325
-0.27514,0.647431
-0.29704,0.694987
-0.41281,0.718480
-0.27365,0.641771
-0.40266,0.705667
-0.42685,0.772955
-0.30655,0.710795
-0.41959,0.777557
-0.27407,0.636518
-0.27645,0.658029
-0.31885,0.719929
-0.38474,0.772258
-0.34331,0.648040
-0.32855,0.732103
-0.43090,0.765224
-0.37237,0.670575
-0.38444,0.684256
-0.41576,0.779234
-0.34028,0.644943
-0.29653,0.623193
-0.42355,0.777832
-0.41845,0.728418
-0.27496,0.633119
-0.40551,0.781655
-0.37727,0.675908
-0.28161,0.672774
-0.35749,0.754531
-0.29920,0.623214
-0.31462,0.629605
-0.40046,0.781953
-0.27622,0.661988
-0.41420,0.779645
-0.27568,0.661835
-0.28262,0.625083
-0.33142,0.733971
-0.27175,0.636662
-0.41013,0.781622
-0.35355,0.651405
-0.43222,0.751635
-0.32512,0.730657
-0.31361,0.719329
-0.29540,0.622252
-0.43246,0.764373
-0.41446,0.781656
-0.39322,0.781718
-0.27090,0.631328
-0.27899,0.625880
-0.40493,0.783372
-0.41047,0.783272
-0.38536,0.774890
-0.40899,0.783477
-0.38325,0.774116
-0.27403,0.630041
-0.38769,0.777081
-0.41938,0.781331
-0.28469,0.681469
-0.35572,0.755757
-0.29680,0.698329
-0.33829,0.640066
-0.42588,0.784789
-0.31227,0.719260
-0.40126,0.784824
-0.42035,0.783308
-0.26892,0.628212
-0.30429,0.622432
-0.40582,0.786679
-0.42906,0.783699
-0.42490,0.782379
-0.27047,0.624239
-0.39895,0.783817
-0.37369,0.768143
-0.27727,0.671042
-0.29745,0.621111
-0.40021,0.785606
-0.27688,0.622990
-0.40893,0.708897
-0.38288,0.775450
-0.38670,0.778174
-0.33571,0.738924
-0.26787,0.645915
-0.28016,0.622329
-0.26707,0.642083
-0.40952,0.786284
-0.36747,0.661682
-0.27203,0.625125
-0.43601,0.761882
-0.43033,0.787281
-0.40635,0.707477
-0.43395,0.776017
-0.36428,0.659336
-0.32650,0.633130
-0.38259,0.776047
-0.27664,0.621993
-0.42844,0.738845
-0.27516,0.624107
-0.27586,0.621558
-0.37431,0.667072
-0.29129,0.616716
-0.43556,0.753986
-0.43432,0.779064
-0.28307,0.619787
-0.28462,0.616942
-0.26694,0.654146
-0.37953,0.774948
-0.26621,0.648474
-0.42949,0.788902
-0.32488,0.630448
-0.41890,0.786764
-0.29458,0.699211
-0.43665,0.772173
-0.43719,0.772075
-0.36295,0.762287
-0.42141,0.788186
-0.27647,0.617953
-0.43273,0.787496
-0.42893,0.792070
-0.36509,0.657640
-0.43769,0.765375
-0.30940,0.622978
-0.30814,0.622290
-0.37508,0.772659
-0.30502,0.714085
-0.28564,0.615595
-0.28725,0.615389
-0.26322,0.625293
-0.43806,0.770611
-0.43832,0.780889
-0.43691,0.750005
-0.28701,0.615174
-0.33179,0.633020
-0.26184,0.624466
-0.43834,0.773206
-0.33109,0.632498
-0.43978,0.765177
-0.26158,0.628345
-0.42551,0.730013
-0.31647,0.624023
-0.34868,0.754421
-0.43991,0.779139
-0.27963,0.612811
-0.39950,0.788229
-0.42201,0.723175
-0.41786,0.790470
-0.41618,0.789295
-0.44141,0.765247
-0.43430,0.789593
-0.38337,0.675815
-0.40738,0.704713
-0.27309,0.671300
-0.43833,0.750376
-0.28788,0.613963
-0.39702,0.788191
-0.41527,0.790809
-0.31218,0.723448
-0.26316,0.650164
-0.26491,0.617169
-0.27988,0.611173
-0.35248,0.758646
-0.42811,0.795400
-0.28339,0.611155
-0.31320,0.724348
-0.26233,0.649420
-0.26247,0.618089
-0.41921,0.714374
-0.41243,0.791094
-0.42147,0.718448
-0.30958,0.721896
-0.44095,0.758651
-0.31390,0.725432
-0.33743,0.745973
-0.26035,0.622244
-0.26982,0.664971
-0.26055,0.640627
-0.38782,0.784862
-0.33771,0.633716
-0.27177,0.611879
-0.35826,0.648176
-0.44247,0.763137
-0.27504,0.611746
-0.42915,0.730878
-0.25843,0.630676
-0.41069,0.792182
-0.32497,0.626948
-0.35447,0.760483
-0.27749,0.609888
-0.44349,0.778668
-0.25595,0.626565
-0.25949,0.637442
-0.25767,0.633241
-0.42013,0.714475
-0.33461,0.632173
-0.43585,0.790745
-0.25908,0.641943
-0.42014,0.795500
-0.39421,0.686093
-0.31432,0.728052
-0.40727,0.699929
-0.38818,0.678939
-0.28066,0.607672
-0.25495,0.628938
-0.44347,0.781638
-0.32542,0.625482
-0.25705,0.618393
-0.26239,0.613085
-0.41890,0.797253
-0.26120,0.652077
-0.42989,0.728701
-0.26378,0.611924
-0.32947,0.627320
-0.27786,0.679440
-0.37179,0.660588
-0.28152,0.606941
-0.44257,0.754373
-0.43602,0.792015
-0.43302,0.794746
-0.36688,0.771998
-0.25472,0.628373
-0.28077,0.686380
-0.29524,0.708360
-0.44154,0.788161
-0.40226,0.792446
-0.44384,0.757141
-0.28221,0.606069
-0.26527,0.607320
-0.41924,0.798046
-0.27324,0.605627
-0.40439,0.695897
-0.25419,0.622176
-0.25622,0.615494
-0.42496,0.720848
-0.43487,0.794704
-0.41596,0.796580
-0.25428,0.636637
-0.44685,0.769000
-0.44590,0.778026
-0.41632,0.797075
-0.27079,0.672061
-0.26201,0.608377
-0.32518,0.622390
-0.42801,0.799141
-0.43040,0.726655
-0.41575,0.796912
-0.43913,0.743519
-0.26761,0.604643
-0.38348,0.784480
-0.25915,0.611341
-0.43578,0.797131
-0.25980,0.610449
-0.29833,0.608781
-0.27698,0.605144
-0.37471,0.779563
-0.36089,0.768984
-0.44451,0.794986
-0.25287,0.632214
-0.33029,0.625093
-0.33040,0.743344
-0.44259,0.792687
-0.29397,0.607001
-0.44436,0.792154
-0.25772,0.605518
-0.44634,0.795472
-0.43734,0.796811
-0.39381,0.681054
-0.25359,0.638623
-0.44681,0.797250
-0.44761,0.789468
-0.25634,0.605559
-0.33990,0.753542
-0.28698,0.602373
-0.43983,0.741454
-0.25349,0.611212
-0.40741,0.798801
-0.35460,0.766350
-0.25290,0.613183
-0.27291,0.676783
-0.25196,0.621535
-0.34126,0.632069
-0.44527,0.755460
-0.35084,0.761783
-0.43731,0.801771
-0.26635,0.600312
-0.25287,0.644503
-0.42844,0.722108
-0.43071,0.802348
-0.41538,0.799831
-0.43631,0.735781
-0.44850,0.783809
-0.43177,0.802069
-0.30712,0.723580
-0.38936,0.675583
-0.44855,0.768344
-0.40702,0.800636
-0.44995,0.776068
-0.41015,0.801354
-0.27084,0.601493
-0.26961,0.600476
-0.38451,0.788135
-0.38578,0.672051
-0.44936,0.788713
-0.42841,0.803657
-0.25730,0.654204
-0.24972,0.615391
-0.24961,0.616022
-0.33111,0.745759
-0.45032,0.786404
-0.30529,0.607554
-0.32757,0.621553
-0.29706,0.604788
-0.39183,0.791782
-0.43491,0.804803
-0.44663,0.804072
-0.32689,0.743230
-0.44705,0.754400
-0.42221,0.711227
-0.31142,0.729233
-0.25258,0.606753
-0.19594,0.898956
-0.32237,0.740776
-0.36955,0.652149
-0.33458,0.624294
-0.45433,0.788573
-0.19273,0.897576
-0.45018,0.798588
-0.25429,0.651803
-0.19210,0.896054
-0.37504,0.657874
-0.45486,0.787910
-0.24722,0.625635
-0.20114,0.901095
-0.25859,0.597123
-0.18996,0.909104
-0.19900,0.890338
-0.40166,0.800374
-0.44599,0.748219
-0.19627,0.901564
-0.43441,0.728060
-0.19894,0.896182
-0.19221,0.892472
-0.44138,0.807388
-0.37911,0.786959
-0.28229,0.597933
-0.18904,0.891213
-0.19371,0.919109
-0.29080,0.598268
-0.20357,0.911213
-0.31610,0.735207
-0.36825,0.779372
-0.20505,0.910600
-0.19578,0.911194
-0.20356,0.896463
-0.18874,0.912700
-0.18894,0.891683
-0.20446,0.912030
-0.19702,0.893239
-0.19858,0.888967
-0.18585,0.897358
-0.19340,0.890436
-0.28630,0.700497
-0.19204,0.917776
-0.18846,0.892055
-0.45451,0.784697
-0.39800,0.798599
-0.20351,0.894424
-0.18820,0.889992
-0.18856,0.896668
-0.44044,0.810408
-0.19609,0.913948
-0.20384,0.907041
-0.26531,0.595141
-0.19385,0.919606
-0.38421,0.790525
-0.20625,0.901945
-0.20819,0.897717
-0.36094,0.642063
-0.20299,0.908977
-0.18499,0.905807
-0.20638,0.903995
-0.18985,0.904616
-0.18486,0.901452
-0.27136,0.680003
-0.24550,0.618069
-0.20119,0.920119
-0.36934,0.650740
-0.20940,0.894739
-0.43198,0.809017
-0.45522,0.800692
-0.20645,0.907594
-0.33059,0.620006
-0.45567,0.765750
-0.31268,0.605683
-0.45497,0.801056
-0.45404,0.764038
-0.19624,0.885620
-0.20918,0.917970
-0.20350,0.885498
-0.21041,0.898768
-0.37954,0.660938
-0.18612,0.889246
-0.19252,0.886334
-0.25703,0.659470
-0.19175,0.881665
-0.24451,0.616748
-0.21065,0.903504
-0.24538,0.609416
-0.40151,0.683600
-0.21363,0.917467
-0.27537,0.596124
-0.26434,0.672057
-0.29777,0.600117
-0.24232,0.626130
-0.20218,0.921612
-0.18007,0.888208
-0.21035,0.904461
-0.18227,0.902994
-0.18533,0.913145
-0.45265,0.761846
-0.18166,0.905404
-0.21191,0.901818
-0.37839,0.788608
-0.29389,0.597680
-0.43436,0.812694
-0.41760,0.808474
-0.41806,0.701430
-0.40065,0.803742
-0.39619,0.677880
-0.42922,0.811270
-0.19394,0.922702
-0.20207,0.921872
-0.21265,0.903881
-0.18438,0.916200
-0.34512,0.629512
-0.18181,0.908465
-0.35107,0.767207
-0.21592,0.917108
-0.44543,0.740231
-0.42211,0.705574
-0.21002,0.888604
-0.24337,0.628290
-0.28051,0.595273
-0.18013,0.896339
-0.18792,0.882058
-0.45261,0.807557
-0.44148,0.733794
-0.32956,0.617263
-0.40033,0.803803
-0.19314,0.878452
-0.35670,0.636685
-0.44039,0.731743
-0.18628,0.883389
-0.39464,0.800379
-0.20608,0.881402
-0.21530,0.902932
-0.39638,0.676069
-0.18798,0.921776
-0.18922,0.924432
-0.44776,0.812032
-0.24194,0.613618
-0.24074,0.624772
-0.21046,0.925056
-0.18585,0.921344
-0.24565,0.645437
-0.17399,0.891004
-0.25420,0.590834
-0.24872,0.652277
-0.21801,0.906888
-0.44647,0.812547
-0.18378,0.881488
-0.40611,0.687735
-0.38400,0.796001
-0.44539,0.813836
-0.21138,0.926024
-0.21350,0.884829
-0.35050,0.768669
-0.20533,0.926941
-0.45807,0.762643
-0.17401,0.887981
-0.17710,0.909549
-0.24444,0.598799
-0.21534,0.890568
-0.19384,0.928511
-0.23991,0.615858
-0.45078,0.750845
-0.22155,0.920897
-0.25186,0.659304
-0.45035,0.811928
-0.26745,0.680303
-0.44607,0.814813
-0.17858,0.919540
-0.18444,0.877024
-0.17413,0.895883
-0.33390,0.756012
-0.29868,0.723761
-0.20183,0.930116
-0.44997,0.745328
-0.27496,0.591935
-0.21097,0.927221
-0.17549,0.884582
-0.20738,0.927575
-0.19818,0.873747
-0.22219,0.894760
-0.17657,0.881237
-0.45282,0.812208
-0.17910,0.878839
-0.22239,0.889560
-0.46269,0.773618
-0.30737,0.731933
-0.31502,0.740310
-0.45046,0.744875
-0.30159,0.596235
-0.25908,0.588056
-0.21641,0.927433
-0.24686,0.589074
-0.29429,0.594905
-0.41407,0.691189
-0.46480,0.789282
-0.17128,0.904874
-0.24203,0.601423
-0.46414,0.776798
-0.18137,0.876269
-0.45227,0.749061
-0.17430,0.913147
-0.22230,0.924175
-0.18299,0.930663
-0.17343,0.906516
-0.17312,0.911299
-0.27361,0.588341
-0.24088,0.637324
-0.17367,0.910252
-0.19868,0.933051
-0.24345,0.593065
-0.28279,0.705502
-0.16772,0.899921
-0.22182,0.886170
-0.27295,0.587386
-0.22503,0.906370
-0.22423,0.923073
-0.21754,0.881375
-0.22440,0.899989
-0.20195,0.871179
-0.17689,0.921644
-0.26056,0.584873
-0.23698,0.607389
-0.17897,0.926160
-0.23889,0.597297
-0.20495,0.871250
-0.30341,0.730019
-0.42843,0.816186
-0.29705,0.594768
-0.40760,0.811718
-0.16879,0.913090
-0.17422,0.919543
-0.22718,0.892513
-0.17294,0.917818
-0.17099,0.916648
-0.22205,0.880131
-0.21160,0.877204
-0.21759,0.878851
-0.22465,0.900177
-0.22087,0.882514
-0.36207,0.636225
-0.18757,0.871464
-0.22462,0.925099
-0.18946,0.935697
-0.18809,0.935316
-0.24022,0.638023
-0.46477,0.774869
-0.22765,0.903532
-0.32555,0.608166
-0.22541,0.924995
-0.16530,0.892176
-0.20944,0.935030
-0.27202,0.586276
-0.23969,0.635464
-0.18033,0.873300
-0.22759,0.887361
-0.22606,0.884030
-0.28011,0.588210
-0.27427,0.693758
-0.17644,0.874984
-0.40398,0.810701
-0.23202,0.909752
-0.23603,0.628115
-0.22128,0.878911
-0.16555,0.911659
-0.20860,0.871743
-0.17871,0.932847
-0.35909,0.779956
-0.16180,0.903442
-0.23611,0.597082
-0.23614,0.604009
-0.46865,0.778865
-0.27017,0.584474
-0.45955,0.812008
-0.22172,0.878420
-0.23432,0.624748
-0.25983,0.580576
-0.21815,0.876951
-0.46856,0.782459
-0.44260,0.726112
-0.18543,0.869914
-0.19418,0.937252
-0.23249,0.615173
-0.28472,0.589047
-0.46681,0.801609
-0.46805,0.790787
-0.18361,0.870528
-0.24465,0.585217
-0.45355,0.818285
-0.23456,0.906406
-0.45016,0.740397
-0.24429,0.586497
-0.24437,0.585520
-0.16950,0.878886
-0.16694,0.918790
-0.23808,0.636953
-0.16303,0.889975
-0.22086,0.877357
-0.40339,0.812898
-0.23147,0.890440
-0.17370,0.929639
-0.46788,0.801501
-0.24309,0.586705
-0.23447,0.602520
-0.23437,0.904294
-0.23544,0.591103
-0.30147,0.593247
-0.26531,0.580669
-0.42628,0.701971
-0.16862,0.921760
-0.22710,0.926235
-0.21904,0.932466
-0.44928,0.735576
-0.18042,0.871109
-0.23401,0.914814
-0.23257,0.625630
-0.42812,0.703804
-0.27133,0.691859
-0.24377,0.584957
-0.23401,0.895886
-0.22121,0.931226
-0.23512,0.901090
-0.16112,0.912955
-0.39572,0.808388
-0.17087,0.928157
-0.29365,0.590326
-0.62652,0.951982
-0.46913,0.806218
-0.16415,0.918881
-0.15851,0.905159
-0.40848,0.816967
-0.47034,0.806591
-0.47176,0.778099
-0.43139,0.824235
-0.18735,0.865193
-0.29123,0.722117
-0.18150,0.940058
-0.24798,0.580884
-0.20175,0.863230
-0.40414,0.675262
-0.62823,0.951071
-0.47081,0.773607
-0.44059,0.825083
-0.47296,0.776295
-0.47055,0.801284
-0.47334,0.806075
-0.62596,0.949456
-0.16499,0.880973
-0.24762,0.579855
-0.47146,0.786001
-0.21526,0.870660
-0.64276,0.948119
-0.42954,0.825409
-0.63442,0.944430
-0.63791,0.952233
-0.62060,0.952895
-0.46595,0.813082
-0.22943,0.627735
-0.23538,0.923425
-0.45013,0.823530
-0.22868,0.622189
-0.23080,0.880742
-0.61929,0.956702
-0.45448,0.822905
-0.47143,0.771750
-0.62229,0.971608
-0.64309,0.955502
-0.64146,0.943710
-0.21604,0.937195
-0.64744,0.951759
-0.61791,0.959645
-0.61572,0.954017
-0.61526,0.962805
-0.62238,0.972084
-0.22906,0.927505
-0.64256,0.945130
-0.37977,0.651064
-0.23070,0.600836
-0.63896,0.959351
-0.46431,0.817622
-0.15517,0.903104
-0.45372,0.824429
-0.62148,0.944319
-0.64219,0.943000
-0.47262,0.788777
-0.62025,0.946246
-0.64543,0.957919
-0.17341,0.934131
-0.62164,0.962138
-0.64198,0.955791
-0.61678,0.955444
-0.42365,0.826139
-0.23055,0.589181
-0.64385,0.933640
-0.46904,0.817099
-0.15842,0.917009
-0.46634,0.816876
-0.46791,0.815653
-0.23624,0.642994
-0.45723,0.823678
-0.61434,0.956584
-0.47714,0.796599
-0.24350,0.659294
-0.33411,0.610148
-0.63415,0.963869
-0.63877,0.961053
-0.62217,0.963513
-0.63506,0.941694
-0.28187,0.582605
-0.46799,0.819663
-0.23845,0.581754
-0.60961,0.964117
-0.64221,0.931728
-0.61814,0.972009
-0.63829,0.926710
-0.62951,0.939087
-0.62858,0.972608
-0.62322,0.965879
-0.17583,0.867781
-0.46989,0.767389
-0.47505,0.787309
-0.61099,0.959448
-0.23042,0.928463
-0.23708,0.886936
-0.64942,0.944088
-0.16901,0.870850
-0.61019,0.962277
-0.23258,0.636894
-0.23578,0.925094
-0.63563,0.925504
-0.63905,0.926017
-0.65137,0.940728
-0.63540,0.970189
-0.64324,0.961008
-0.23214,0.877170
-0.27361,0.578055
-0.22995,0.874756
-0.65199,0.941109
-0.61184,0.945663
-0.63612,0.968229
-0.20229,0.947287
-0.60494,0.962439
-0.63144,0.933276
-0.60830,0.968331
-0.60842,0.951464
-0.27775,0.580063
-0.24875,0.575841
-0.60557,0.963162
-0.63758,0.966461
-0.19530,0.858208
-0.63151,0.972754
-0.63419,0.928729
-0.62065,0.936108
-0.65253,0.940211
-0.26192,0.685141
-0.17210,0.937458
-0.62864,0.933719
-0.64403,0.919502
-0.63259,0.923456
-0.62227,0.931517
-0.60326,0.977502
-0.18257,0.862483
-0.61461,0.977807
-0.22527,0.607884
-0.21734,0.860535
-0.61826,0.933214
-0.22460,0.596573
-0.61849,0.980045
-0.17711,0.863974
-0.23217,0.580827
-0.60617,0.978598
-0.60807,0.943430
-0.63159,0.976464
-0.17064,0.868179
-0.64281,0.917158
-0.23801,0.924875
-0.21964,0.938580
-0.22555,0.590254
-0.62677,0.978651
-0.60140,0.968214
-0.22562,0.601093
-0.46999,0.761814
-0.42704,0.828626
-0.47417,0.820899
-0.64362,0.918547
-0.22557,0.935332
-0.65827,0.950307
-0.22519,0.599320
-0.64970,0.969153
-0.52475,0.444693
-0.62901,0.919266
-0.65307,0.936453
-0.52043,0.448345
-0.65043,0.925384
-0.43197,0.829806
-0.22416,0.608960
-0.64784,0.917097
-0.36161,0.789525
-0.62408,0.981554
-0.63981,0.911907
-0.62651,0.922097
-0.61457,0.987640
-0.22843,0.633770
-0.18249,0.860399
-0.62774,0.927526
-0.22439,0.625471
-0.22839,0.581449
-0.16598,0.933870
-0.65670,0.945892
-0.64362,0.908347
-0.50265,0.437232
-0.65993,0.955289
-0.38489,0.651436
-0.62539,0.981835
-0.60783,0.988982
-0.23692,0.877876
-0.61789,0.990798
-0.63449,0.977374
-0.17294,0.863268
-0.42881,0.829560
-0.22963,0.638553
-0.64080,0.977287
-0.46606,0.825622
-0.52013,0.441246
-0.16109,0.876294
-0.27137,0.701382
-0.66039,0.953113
-0.23308,0.873596
-0.33160,0.604755
-0.60502,0.984862
-0.41635,0.681348
-0.64259,0.910312
-0.15047,0.912875
-0.62849,0.983100
-0.65592,0.935756
-0.64275,0.908773
-0.21729,0.943026
-0.23728,0.876875
-0.16335,0.869749
-0.24081,0.885268
-0.63205,0.910856
-0.22177,0.610997
-0.62129,0.991692
-0.52740,0.449898
-0.51801,0.435544
-0.48202,0.799891
-0.28002,0.578949
-0.24677,0.671016
-0.64115,0.978393
-0.42110,0.687475
-0.63256,0.907691
-0.24270,0.890060
-0.50350,0.431320
-0.63987,0.909860
-0.43796,0.834484
-0.26559,0.694161
-0.24329,0.892399
-0.65646,0.934598
-0.51160,0.424018
-0.63978,0.905122
-0.50625,0.441481
-0.22249,0.595829
-0.43345,0.831754
-0.60346,0.999059
-0.65895,0.942063
-0.52782,0.438051
-0.16051,0.931109
-0.51955,0.425862
-0.51428,0.441326
-0.60263,0.949246
-0.24149,0.882147
-0.53127,0.448081
-0.59677,0.973124
-0.31269,0.590888
-0.22935,0.937029
-0.14878,0.915567
-0.26803,0.570122
-0.22094,0.590964
-0.60709,0.932337
-0.16955,0.864866
-0.51460,0.452476
-0.50880,0.421931
-0.65432,0.913458
-0.22075,0.625580
-0.51766,0.432121
-0.53140,0.458739
-0.47816,0.773452
-0.42357,0.689158
-0.55049,0.510838
-0.62996,0.907119
-0.66313,0.944107
-0.66365,0.906069
-0.15519,0.924463
-0.63668,0.904575
-0.61192,0.997765
-0.59525,0.975090
-0.16381,0.936340
-0.51170,0.452805
-0.41611,0.828469
-0.52625,0.426639
-0.14568,0.908359
-0.51496,0.420814
-0.20732,0.852229
-0.22012,0.588249
-0.51799,0.423341
-0.54519,0.477476
-0.53252,0.463463
-0.54611,0.458959
-0.60970,1.000721
-0.61544,0.925422
-0.22261,0.859342
-0.60399,0.931617
-0.54358,0.461616
-0.55389,0.505828
-0.65719,0.919513
-0.65501,0.901893
-0.59638,0.998330
-0.66303,0.943384
-0.53400,0.463255
-0.53950,0.445452
-0.22069,0.619431
-0.53272,0.466727
-0.55230,0.511246
-0.22800,0.940911
-0.50270,0.421162
-0.55946,0.513492
-0.65423,0.902919
-0.21734,0.605883
-0.22328,0.580416
-0.28100,0.576264
-0.53740,0.454354
-0.54705,0.483748
-0.63596,0.896217
-0.24425,0.568364
-0.56646,0.517667
-0.15045,0.918778
-0.47825,0.821784
-0.65555,0.903815
-0.54435,0.498328
-0.22654,0.942172
-0.54190,0.496821
-0.49693,0.425943
-0.23700,0.933110
-0.53481,0.464699
-0.50327,0.413338
-0.44966,0.836109
-0.51234,0.416839
-0.59284,0.971456
-0.52241,0.422447
-0.53351,0.436394
-0.34525,0.776463
-0.22228,0.581509
-0.54915,0.486723
-0.59358,0.990289
-0.22603,0.943263
-0.66842,0.895542
-0.64196,0.982360
-0.54424,0.476737
-0.65767,0.912894
-0.50410,0.413348
-0.55480,0.499939
-0.54552,0.466442
-0.15652,0.930000
-0.53673,0.451629
-0.54580,0.502297
-0.66897,0.896846
-0.53958,0.505231
-0.63906,0.987788
-0.41207,1.203970
-0.52052,0.457406
-0.56135,0.513892
-0.23633,0.657545
-0.49416,0.426099
-0.45962,0.834986
-0.23479,0.654794
-0.55755,0.474284
-0.55517,0.501645
-0.22226,0.945831
-0.21759,0.596077
-0.51459,0.415286
-0.17090,0.945760
-0.49515,0.438096
-0.55363,0.517419
-0.53020,0.469381
-0.61906,1.002748
-0.54659,0.455006
-0.42456,0.832859
-0.61536,1.004766
-0.66489,0.898187
-0.21856,0.622177
-0.40788,1.199336
-0.53834,0.488719
-0.49049,0.421080
-0.41154,1.204897
-0.66614,0.903214
-0.25264,0.566328
-0.53932,0.481981
-0.53645,0.472017
-0.52758,0.467852
-0.45264,0.835646
-0.55857,0.470960
-0.56310,0.518529
-0.58568,0.536612
-0.62040,0.908040
-0.63010,0.991657
-0.56325,0.497109
-0.56601,0.523059
-0.14921,0.918992
-0.40523,1.205268
-0.55712,0.518167
-0.15652,0.869168
-0.53550,0.473667
-0.54425,0.439913
-0.53394,0.487482
-0.45807,0.731939
-0.53519,0.480879
-0.40567,1.209126
-0.16238,0.863927
-0.24576,0.883390
-0.55664,0.487911
-0.17300,0.857141
-0.61598,0.915086
-0.55125,0.489344
-0.53604,0.487252
-0.39628,1.205287
-0.51454,0.458817
-0.18057,0.852843
-0.48881,0.420496
-0.41070,1.189951
-0.52760,0.466522
-0.57187,0.519512
-0.56294,0.476462
-0.66042,0.966552
-0.55921,0.485000
-0.49340,0.411838
-0.14566,0.915092
-0.20029,0.955174
-0.56428,0.471683
-0.50558,0.406353
-0.60814,1.010145
-0.51119,0.407339
-0.48900,0.410699
-0.53438,0.489955
-0.52707,0.470438
-0.40416,1.209992
-0.56725,0.497359
-0.49011,0.425572
-0.49174,0.436013
-0.64598,0.983897
-0.53494,0.482729
-0.49451,0.407517
-0.39461,1.199441
-0.66967,0.911610
-0.53573,0.479654
-0.58945,0.986360
-0.41201,1.195081
-0.41342,1.198697
-0.63313,0.992691
-0.51168,0.407736
-0.49042,0.444355
-0.50115,0.402320
-0.41654,1.203371
-0.61555,1.007988
-0.33182,0.767778
-0.21759,0.584041
-0.55208,0.523946
-0.41286,1.196078
-0.58705,0.994759
-0.51258,0.402691
-0.57628,0.533549
-0.41613,1.200248
-0.57287,0.481245
-0.67436,0.907389
-0.20528,0.847867
-0.40052,1.211511
-0.50753,0.463515
-0.51782,0.403828
-0.50815,0.403273
-0.15675,0.937147
-0.63959,0.989601
-0.39993,1.211320
-0.39191,1.198657
-0.48021,0.825680
-0.50233,0.403896
-0.63010,0.995239
-0.49052,0.440857
-0.53093,0.475629
-0.53077,0.472184
-0.57875,0.548994
-0.49204,0.404550
-0.57363,0.499251
-0.48673,0.423095
-0.18084,0.849582
-0.57842,0.528239
-0.65300,0.892251
-0.50507,0.402006
-0.49789,0.461676
-0.57064,0.529339
-0.57024,0.539968
-0.47153,0.833980
-0.58038,0.514341
-0.45622,0.727705
-0.53098,0.423746
-0.57366,0.498847
-0.40628,1.187225
-0.66767,0.936906
-0.60047,0.933007
-0.52094,0.407337
-0.40451,1.187896
-0.57427,0.526187
-0.58974,0.548124
-0.39148,1.202151
-0.21336,0.610240
-0.21894,0.576633
-0.64584,0.986508
-0.58730,0.511833
-0.58784,0.544133
-0.57499,0.523295
-0.38608,1.207493
-0.53004,0.476096
-0.60124,0.928729
-0.56993,0.540409
-0.40065,1.215916
-0.24667,0.564493
-0.58875,0.545927
-0.48805,0.399684
-0.51823,0.401303
-0.67454,0.893900
-0.66659,0.927919
-0.57422,0.545914
-0.56238,0.529324
-0.23776,0.665101
-0.59232,0.543446
-0.23830,0.871944
-0.38941,1.199294
-0.41093,1.210922
-0.53106,0.496081
-0.67110,0.924797
-0.65903,0.876650
-0.58353,0.519941
-0.56990,0.542161
-0.48343,0.421291
-0.59488,0.555077
-0.59832,0.537356
-0.59804,0.551846
-0.59692,1.009886
-0.56156,0.527619
-0.48605,0.408203
-0.38974,1.195142
-0.57544,0.485243
-0.53322,0.421033
-0.67220,0.880655
-0.38292,1.206263
-0.61187,1.012551
-0.20999,0.957472
-0.52613,0.495940
-0.16784,0.855624
-0.21711,0.577746
-0.22170,0.853653
-0.68053,0.909020
-0.59930,0.544817
-0.38208,1.199436
-0.67415,0.875282
-0.20145,0.960109
-0.58744,0.524331
-0.17154,0.855702
-0.48611,0.397049
-0.54612,0.438786
-0.65284,0.884465
-0.48567,0.820834
-0.58435,0.528839
-0.19543,0.959166
-0.39968,1.222349
-0.48400,0.388827
-0.58437,0.507239
-0.57770,0.475524
-0.43808,0.841362
-0.52788,0.491372
-0.57564,0.553142
-0.39913,1.220438
-0.66986,0.935697
-0.48591,0.398217
-0.57236,0.475405
-0.48532,0.401853
-0.47798,0.765154
-0.23071,0.653841
-0.48748,0.445246
-0.58416,0.561100
-0.63392,0.996648
-0.63384,0.994882
-0.57106,0.466904
-0.59961,0.543237
-0.38799,1.193963
-0.16930,0.951461
-0.66811,0.860725
-0.41717,1.211671
-0.68078,0.913450
-0.52051,0.483354
-0.38567,1.190963
-0.68094,0.859722
-0.50809,0.471040
-0.38470,1.194065
-0.63387,0.997309
-0.37990,1.203742
-0.59960,0.543672
-0.67480,0.872094
-0.48905,0.392666
-0.38183,1.192863
-0.61371,0.905079
-0.39242,1.190826
-0.22574,0.568558
-0.52235,0.476113
-0.39468,0.654074
-0.22152,0.953679
-0.42716,0.839064
-0.17165,0.854333
-0.58377,0.989361
-0.59389,0.566124
-0.67813,0.869995
-0.65063,0.989628
-0.57831,0.493042
-0.54398,0.523679
-0.59318,0.522396
-0.56637,0.455513
-0.52151,0.483515
-0.48765,0.390098
-0.21239,0.587999
-0.38811,1.189733
-0.66827,0.861524
-0.49457,0.383830
-0.14583,0.928788
-0.22176,0.954738
-0.59646,0.521220
-0.67730,0.879629
-0.66719,0.858773
-0.48162,0.415189
-0.57866,0.480065
-0.51573,0.478580
-0.51647,0.484736
-0.60137,1.014086
-0.42207,1.207476
-0.54055,0.525552
-0.68148,0.912139
-0.20788,0.845501
-0.24066,0.560454
-0.59987,0.569530
-0.50634,0.471994
-0.18990,0.843595
-0.66514,0.872264
-0.47888,0.412067
-0.49223,0.385657
-0.51453,0.476592
-0.63863,0.878755
-0.47643,0.399955
-0.53767,0.425411
-0.40994,1.182649
-0.39655,0.824847
-0.59671,0.570441
-0.15800,0.944704
-0.50468,0.391202
-0.58251,0.972229
-0.41073,1.182362
-0.59691,0.528174
-0.48331,0.382197
-0.47306,0.395266
-0.66794,0.850659
-0.64730,0.877826
-0.45804,0.842589
-0.47704,0.418813
-0.56716,0.557473
-0.38085,1.215069
-0.64199,0.878069
-0.48215,0.423184
-0.48449,0.379752
-0.16139,0.857398
-0.51177,0.474639
-0.41644,1.217769
-0.42417,0.681432
-0.58005,0.480592
-0.58242,0.994858
-0.47449,0.410889
-0.13919,0.907444
-0.60093,0.531178
-0.69306,0.853859
-0.52935,0.403822
-0.48668,0.821984
-0.47076,0.398623
-0.48929,0.791838
-0.59282,0.501483
-0.16786,0.852430
-0.58419,1.001721
-0.16653,0.951735
-0.55192,0.543238
-0.64743,0.872537
-0.69351,0.854490
-0.64089,0.997075
-0.68020,0.876050
-0.13980,0.914535
-0.23954,0.943703
-0.53463,0.414903
-0.37698,1.193014
-0.28504,0.570894
-0.64396,0.879354
-0.68372,0.872009
-0.58782,1.007156
-0.41785,1.184493
-0.48523,0.377193
-0.42813,1.202043
-0.48168,0.428569
-0.58221,0.487915
-0.67527,0.841020
-0.45575,0.841307
-0.69069,0.828923
-0.60120,0.920825
-0.56373,0.557531
-0.59619,0.934962
-0.22223,0.956881
-0.55498,0.549905
-0.58236,0.493072
-0.66060,0.982617
-0.49349,0.802126
-0.58487,0.965097
-0.60484,0.546437
-0.47182,0.391690
-0.62640,0.885523
-0.53433,0.414180
-0.58893,0.496855
-0.46718,0.839446
-0.50719,0.483400
-0.56826,0.551379
-0.60306,0.576592
-0.69260,0.870442
-0.58225,0.995655
-0.60765,0.553497
-0.24553,0.868226
-0.48397,0.828323
-0.37357,1.207200
-0.60418,0.530284
-0.47081,0.404698
-0.58467,0.487850
-0.50084,0.381595
-0.41431,1.222553
-0.24006,0.670801
-0.17385,0.845487
-0.62594,0.881676
-0.57985,0.972003
-0.21874,0.958303
-0.42674,1.199093
-0.70166,0.827356
-0.70029,0.849729
-0.68203,0.837320
-0.52587,0.397303
-0.48808,0.453598
-0.37312,1.207718
-0.42691,1.196242
-0.67385,0.946996
-0.46790,0.842457
-0.39046,1.226831
-0.21246,0.573690
-0.39130,1.227157
-0.49058,0.818101
-0.59652,0.928418
-0.70379,0.842275
-0.21999,0.957003
-0.23037,0.952225
-0.60952,0.898411
-0.20813,0.604845
-0.64412,0.873202
-0.55688,0.434676
-0.38639,1.180086
-0.49153,0.793576
-0.41476,1.180379
-0.60242,0.579579
-0.42566,1.191791
-0.37382,1.209357
-0.57795,0.467533
-0.68484,0.845886
-0.70760,0.842281
-0.22722,0.955605
-0.64523,0.864729
-0.40462,1.226846
-0.71094,0.845413
-0.63133,0.871249
-0.53887,0.531304
-0.40227,1.174522
-0.40862,1.176285
-0.26906,0.714743
-0.53304,0.405218
-0.70847,0.842629
-0.50395,0.379146
-0.46949,0.842945
-0.54206,0.425603
-0.51589,0.388601
-0.13780,0.901185
-0.37841,1.184067
-0.70865,0.838782
-0.60653,0.910521
-0.51818,0.510373
-0.22038,0.562178
-0.60569,0.913154
-0.22331,0.564884
-0.46737,0.390030
-0.55940,0.565678
-0.59961,0.590038
-0.21120,0.626129
-0.60874,0.551374
-0.48176,0.375572
-0.60871,0.570220
-0.49050,0.373192
-0.37027,1.211354
-0.58672,0.493436
-0.23974,0.555903
-0.69358,0.858397
-0.24308,0.944100
-0.47193,0.842187
-0.69725,0.853114
-0.46628,0.394094
-0.36889,1.201501
-0.68403,0.879228
-0.48739,0.826302
-0.42972,1.196009
-0.55667,0.555331
-0.49016,0.372766
-0.55187,0.431840
-0.55349,0.551818
-0.51299,0.385034
-0.58771,0.579567
-0.47304,0.843227
-0.51268,0.501889
-0.37533,1.184701
-0.68817,0.911039
-0.70109,0.853426
-0.60460,0.578381
-0.46824,0.381844
-0.63488,0.869055
-0.20734,0.583959
-0.70407,0.830558
-0.60812,0.514468
-0.69947,0.823322
-0.69329,0.811664
-0.48738,0.827497
-0.62753,0.875940
-0.28790,0.569136
-0.25302,0.880807
-0.17033,0.845896
-0.48475,0.832829
-0.20526,0.965159
-0.67385,0.955927
-0.68970,0.809540
-0.68516,0.879821
-0.60803,0.580731
-0.38737,1.176241
-0.46644,0.404005
-0.70805,0.816678
-0.60578,0.585954
-0.70873,0.807205
-0.39961,1.230377
-0.69645,0.819886
-0.58674,0.580317
-0.60865,1.020318
-0.66653,0.830552
-0.65632,0.852264
-0.69485,0.799933
-0.41231,0.666329
-0.59646,0.920539
-0.53178,0.396666
-0.47531,0.437743
-0.42813,1.187448
-0.69431,0.874685
-0.68425,0.809406
-0.69184,0.804644
-0.65665,0.843289
-0.63555,1.005063
-0.57382,1.000053
-0.55211,0.552813
-0.54501,0.419461
-0.57573,0.984926
-0.28681,0.567172
-0.49796,0.373572
-0.70683,0.810012
-0.61666,0.584529
-0.59803,0.917843
-0.58417,1.011361
-0.57402,1.001679
-0.69336,0.808329
-0.42833,1.184220
-0.53202,0.529063
-0.48539,0.839412
-0.58150,0.470428
-0.71294,0.849543
-0.37429,1.216316
-0.48549,0.840258
-0.37236,1.188043
-0.25537,0.557688
-0.24571,0.681576
-0.64581,0.862338
-0.40021,1.234153
-0.26007,0.558919
-0.60602,1.022257
-0.58932,0.488713
-0.46871,0.847085
-0.41606,0.836560
-0.61783,0.544692
-0.60334,0.911923
-0.49877,0.482703
-0.51301,0.383119
-0.61014,0.513229
-0.57662,1.004405
-0.48607,0.459940
-0.22797,0.558652
-0.37453,1.218585
-0.43020,1.208830
-0.70993,0.810954
-0.69771,0.872215
-0.58592,0.482681
-0.61343,0.523249
-0.57890,0.965609
-0.60590,0.895185
-0.22947,0.956752
-0.61012,0.586031
-0.46552,0.403594
-0.64634,0.997572
-0.68555,0.807701
-0.61095,0.592396
-0.14722,0.867097
-0.72233,0.839108
-0.59040,0.489834
-0.21632,0.964107
-0.67147,0.813973
-0.41000,0.835687
-0.41608,1.171164
-0.70360,0.860100
-0.25152,0.866276
-0.22711,0.961968
-0.56468,0.437557
-0.61789,0.549359
-0.58771,1.019568
-0.58510,0.581555
-0.68607,0.823018
-0.72359,0.840204
-0.48861,0.831782
-0.67190,0.811106
-0.54105,0.413638
-0.61396,0.555988
-0.56259,0.569872
-0.40556,1.234263
-0.58348,0.579285
-0.46305,0.724813
-0.39526,0.648023
-0.57691,1.009901
-0.67740,0.782782
-0.39336,1.167622
-0.69071,0.816526
-0.39482,1.170310
-0.58677,1.021270
-0.69915,0.874805
-0.70136,0.875846
-0.68539,0.823028
-0.58233,1.011384
-0.56914,0.997302
-0.63623,0.865037
-0.39812,1.233503
-0.69162,0.800634
-0.69111,0.788728
-0.21891,0.963148
-0.67317,0.790629
-0.61366,0.527690
-0.38477,1.226418
-0.64817,0.995681
-0.36546,1.186417
-0.13901,0.932721
-0.56981,0.578270
-0.36814,0.625319
-0.65390,0.851026
-0.67427,0.819110
-0.46877,0.418453
-0.58531,0.474117
-0.52770,0.530111
-0.24442,0.949663
-0.37718,1.222439
-0.16822,0.842506
-0.71465,0.803746
-0.62761,1.015917
-0.17619,0.839305
-0.26036,0.895214
-0.63168,0.864304
-0.69046,0.787398
-0.60645,0.505813
-0.58204,0.955077
-0.57313,1.017236
-0.36292,1.201343
-0.22271,0.554941
-0.64503,0.999235
-0.39750,1.236315
-0.49604,0.482892
-0.36747,1.184900
-0.24392,0.952484
-0.48980,0.775962
-0.36671,0.808779
-0.20189,0.581317
-0.71775,0.848062
-0.53895,0.409219
-0.18043,0.834437
-0.71698,0.800696
-0.68239,0.939259
-0.70626,0.867822
-0.70365,0.863428
-0.64430,0.856988
-0.14178,0.940603
-0.70698,0.782338
-0.59709,1.025129
-0.45805,0.851734
-0.70528,0.874210
-0.70640,0.873279
-0.72301,0.847824
-0.26180,0.909713
-0.37324,1.174533
-0.61627,0.532731
-0.70924,0.801966
-0.23776,0.854765
-0.46161,0.400194
-0.72023,0.856433
-0.69258,0.777274
-0.58947,1.024412
-0.69099,0.896358
-0.71236,0.798266
-0.15913,0.847160
-0.14226,0.942632
-0.61817,0.597759
-0.66821,0.825942
-0.70947,0.796881
-0.62074,0.875879
-0.51283,0.514322
-0.67760,0.822235
-0.42244,1.230924
-0.39364,1.236037
-0.48676,0.473526
-0.24575,0.855727
-0.56886,0.441603
-0.15869,0.844339
-0.62485,0.597816
-0.56471,0.433399
-0.23524,0.963063
-0.57943,0.956715
-0.62376,0.578754
-0.62516,0.582403
-0.23402,0.967207
-0.59618,0.599575
-0.70804,0.869753
-0.61971,0.573025
-0.16737,0.838700
-0.49177,0.842423
-0.61969,0.556813
-0.61792,0.568622
-0.15831,0.844669
-0.62366,0.871204
-0.25906,0.866526
-0.38204,1.171674
-0.66523,0.816676
-0.36226,0.619043
-0.42046,1.232364
-0.40435,1.162022
-0.17910,0.833168
-0.37640,0.819434
-0.22778,0.849983
-0.25888,0.864681
-0.49436,0.838066
-0.56737,0.580027
-0.66564,0.813047
-0.69371,0.914159
-0.70746,0.787493
-0.69415,0.774316
-0.62377,0.546549
-0.57904,1.022542
-0.55578,0.570863
-0.69280,0.904492
-0.73214,0.826905
-0.56770,1.019697
-0.64608,0.839109
-0.24650,0.954867
-0.62612,0.581268
-0.46317,0.372974
-0.61930,0.560307
-0.53401,0.543025
-0.62030,0.567378
-0.48481,0.847280
-0.14820,0.862124
-0.68481,0.941746
-0.14919,0.859896
-0.61485,0.513925
-0.13177,0.925980
-0.13952,0.942748
-0.60172,1.027966
-0.54067,0.552293
-0.62660,0.550949
-0.46249,0.421306
-0.60103,0.902930
-0.41959,1.164527
-0.50062,0.811988
-0.64375,0.838333
-0.13074,0.925000
-0.73232,0.810559
-0.58004,1.024352
-0.43486,0.687263
-0.55474,0.568622
-0.62590,0.559941
-0.64753,1.000265
-0.57147,0.584708
-0.52477,0.385759
-0.58660,0.924557
-0.40179,0.652390
-0.14112,0.947226
-0.62358,0.560700
-0.64863,0.831947
-0.66109,0.800879
-0.55752,0.572994
-0.56245,1.008004
-0.20156,0.564289
-0.72896,0.819984
-0.48232,0.459161
-0.46194,0.372183
-0.63011,0.556866
-0.37937,1.170146
-0.57065,0.984862
-0.72640,0.853815
-0.26048,0.555253
-0.40425,1.161176
-0.38624,1.164405
-0.14710,0.952069
-0.26525,0.886985
-0.59334,1.031188
-0.13975,0.944549
-0.49041,0.481645
-0.63754,0.857398
-0.36880,1.221932
-0.56053,1.020810
-0.24675,0.956762
-0.71120,0.887046
-0.56908,1.024274
-0.30971,0.577130
-0.54441,0.561024
-0.56356,0.431752
-0.47481,0.739151
-0.71942,0.793808
-0.56669,0.585594
-0.51793,0.527104
-0.14009,0.947535
-0.37807,1.233266
-0.63543,0.576198
-0.40551,1.160639
-0.59580,1.033670
-0.56791,0.435057
-0.34741,0.791456
-0.56476,1.020894
-0.68013,0.948896
-0.62112,0.607146
-0.25476,0.945452
-0.73220,0.846254
-0.15892,0.958842
-0.56335,0.579810
-0.50516,0.369871
-0.68575,0.765424
-0.49897,0.796112
-0.23939,0.966082
-0.15327,0.849146
-0.26831,0.555763
-0.26847,0.887814
-0.63165,0.604752
-0.53767,0.552992
-0.62750,0.546123
-0.60369,0.884445
-0.36980,1.172171
-0.35780,0.805590
-0.46819,0.435031
-0.41135,0.840745
-0.68892,0.765028
-0.35003,0.795557
-0.63380,0.580934
-0.55884,0.425654
-0.46421,0.368584
-0.73593,0.809530
-0.65358,0.998467
-0.59195,0.603519
-0.56896,0.979192
-0.55980,1.023942
-0.26674,0.891943
-0.55847,1.011312
-0.61015,0.615557
-0.45133,0.704205
-0.73269,0.801398
-0.38043,1.166626
-0.17879,0.829033
-0.73672,0.834091
-0.52429,0.536746
-0.70499,0.894342
-0.68736,0.933711
-0.59722,1.034839
-0.36062,1.198063
-0.73379,0.847864
-0.25068,0.550559
-0.71522,0.885203
-0.65326,0.823261
-0.13268,0.942152
-0.73068,0.797412
-0.65864,0.792048
-0.63430,0.858549
-0.50334,0.825690
-0.67813,0.963738
-0.55577,1.016678
-0.73574,0.845261
-0.58836,1.040710
-0.22404,0.546855
-0.43997,1.205599
-0.58606,1.039953
-0.45213,0.395260
-0.24866,0.961911
-0.64988,0.816069
-0.50422,0.823754
-0.73037,0.857985
-0.51858,0.376673
-0.63435,0.567047
-0.71635,0.887060
-0.62019,0.509371
-0.58590,0.597745
-0.59684,0.897607
-0.29842,0.568226
-0.30007,0.569524
-0.45978,0.368374
-0.71311,0.781009
-0.25140,0.960743
-0.48169,0.853863
-0.72546,0.787105
-0.73025,0.794627
-0.63397,0.835165
-0.19511,0.571051
-0.38390,1.240297
-0.64251,0.588152
-0.39431,1.158562
-0.46117,0.424247
-0.24728,0.546890
-0.23626,0.546160
-0.50222,0.508986
-0.25778,0.851736
-0.62426,0.528436
-0.70473,0.908404
-0.63064,0.857798
-0.70819,0.898905
-0.15626,0.839554
-0.71926,0.786909
-0.56332,1.032067
-0.70760,0.897353
-0.61601,0.616863
-0.46485,0.362322
-0.55536,0.415638
-0.27013,0.893690
-0.64497,0.826961
-0.45243,0.399809
-0.71565,0.890979
-0.69027,0.933672
-0.58442,1.043368
-0.60712,0.640633
-0.45994,0.359439
-0.71618,0.890873
-0.41336,1.155417
-0.70165,0.761472
-0.49715,0.359251
-0.37584,1.165571
-0.66972,0.769027
-0.27094,0.873084
-0.57413,1.043429
-0.61311,0.640240
-0.25793,0.851249
-0.74001,0.815338
-0.66588,0.770431
-0.64034,1.018027
-0.42646,1.236557
-0.20739,0.550235
-0.65486,1.003605
-0.55934,1.033118
-0.44923,0.383845
-0.66481,0.771955
-0.35361,1.216051
-0.71375,0.771279
-0.49146,0.492216
-0.55950,0.591323
-0.44156,1.201959
-0.25206,0.547526
-0.71269,0.770606
-0.44250,1.203777
-0.38817,1.243982
-0.43587,1.225939
-0.71489,0.767354
-0.61438,0.630439
-0.62374,0.616222
-0.59223,0.626975
-0.72932,0.783568
-0.62853,0.615806
-0.50989,0.828256
-0.63925,0.562085
-0.58879,0.621541
-0.50664,0.842802
-0.17488,0.966206
-0.62208,0.616416
-0.60406,0.641001
-0.55448,1.000346
-0.64140,0.558932
-0.53565,0.383882
-0.63608,0.601340
-0.43524,1.230795
-0.73605,0.790560
-0.12248,0.934944
-0.41582,1.156117
-0.25868,0.847903
-0.45102,0.370303
-0.68187,0.759772
-0.64640,0.590894
-0.53007,0.555403
-0.25737,0.846901
-0.60983,0.871829
-0.27104,0.862611
-0.65130,0.808810
-0.45354,0.862148
-0.27273,0.870500
-0.15062,0.834375
-0.58315,0.609880
-0.57612,0.603522
-0.58618,0.615838
-0.66265,0.774545
-0.62330,0.618191
-0.69083,0.757972
-0.58504,0.615262
-0.50705,0.843428
-0.59218,0.464245
-0.50015,0.781166
-0.45553,0.357549
-0.71250,0.904026
-0.26461,0.931951
-0.64886,0.797475
-0.54648,0.390733
-0.56461,0.976502
-0.61866,0.855999
-0.66158,0.769282
-0.12714,0.945402
-0.36482,1.234568
-0.53933,0.570552
-0.50718,0.806188
-0.22880,0.978400
-0.27435,0.870222
-0.56085,0.987795
-0.60802,0.647004
-0.72551,0.883529
-0.47126,0.352522
-0.65806,0.774749
-0.66155,1.000473
-0.60103,0.478157
-0.35334,0.607046
-0.66065,0.766337
-0.66229,1.000328
-0.57535,0.608528
-0.62709,0.632192
-0.39154,1.248325
-0.58232,0.616929
-0.63547,0.826959
-0.22993,0.978855
-0.42690,0.851031
-0.22988,0.541002
-0.26720,0.852867
-0.19129,0.596605
-0.19138,0.599351
-0.61949,0.854189
-0.74207,0.824065
-0.27371,0.889189
-0.44324,0.374229
-0.67425,0.751093
-0.62597,0.827479
-0.73580,0.876570
-0.54424,1.040337
-0.65377,0.775200
-0.50993,0.808202
-0.55213,0.998871
-0.49628,0.511148
-0.69141,0.944906
-0.59647,1.046870
-0.44378,1.186157
-0.69132,0.945690
-0.56121,1.042895
-0.63535,0.527551
-0.74035,0.791705
-0.27516,0.888112
-0.12255,0.923088
-0.67484,0.740825
-0.70587,0.752864
-0.12382,0.946236
-0.26714,0.935144
-0.56183,0.974540
-0.27924,0.551895
-0.74383,0.851586
-0.53323,0.569270
-0.62944,0.510920
-0.44232,1.175114
-0.64723,0.541071
-0.58371,1.052205
-0.15981,0.824293
-0.44756,1.221916
-0.44179,0.382081
-0.62774,0.626739
-0.62780,0.644040
-0.56161,1.047468
-0.37505,1.244692
-0.60203,0.465882
-0.18994,0.562358
-0.54596,1.035781
-0.11891,0.936471
-0.42352,1.245507
-0.64313,0.793587
-0.14762,0.825232
-0.61994,0.847854
-0.12289,0.948666
-0.28024,0.882071
-0.52625,0.555113
-0.11949,0.939608
-0.63175,0.621720
-0.27702,0.860203
-0.61240,0.860103
-0.67573,0.747414
-0.61451,0.857255
-0.56417,0.951880
-0.63314,0.620239
-0.54208,1.030133
-0.71882,0.761440
-0.22724,0.538926
-0.19404,0.549694
-0.14446,0.826701
-0.56357,1.049259
-0.65510,0.753500
-0.18868,0.564638
-0.43282,1.160526
-0.62707,0.823360
-0.20502,0.544163
-0.43415,1.162784
-0.50737,0.529866
-0.19429,0.550959
-0.74186,0.794847
-0.41415,1.248551
-0.48445,0.491267
-0.63421,1.031645
-0.64268,0.613814
-0.63255,0.652661
-0.50100,0.862335
-0.60761,0.860030
-0.72290,0.894035
-0.14089,0.829562
-0.22829,0.538576
-0.64755,0.750096
-0.46312,0.866502
-0.64374,0.774232
-0.66951,0.751553
-0.12625,0.954962
-0.34827,1.215154
-0.63492,0.621084
-0.44904,0.355768
-0.55334,1.049091
-0.66567,0.752834
-0.72985,0.765328
-0.28289,0.860861
-0.75440,0.824438
-0.43944,0.371647
-0.14876,0.821074
-0.46552,0.346346
-0.47666,0.344384
-0.44635,0.689307
-0.34850,1.212402
-0.49211,0.863393
-0.23151,0.679550
-0.43537,1.242871
-0.60506,0.863395
-0.59906,0.459847
-0.74449,0.798561
-0.34614,1.192394
-0.42146,1.154956
-0.34771,1.213501
-0.58692,0.442096
-0.64961,0.762958
-0.71473,0.754365
-0.64459,0.615293
-0.51646,0.827358
-0.59232,0.881488
-0.46881,0.465458
-0.18283,0.583761
-0.25241,0.982337
-0.64690,1.023332
-0.60356,0.866452
-0.44065,0.361720
-0.64035,0.791588
-0.51634,0.821640
-0.45972,0.347139
-0.19642,0.545775
-0.24328,0.986942
-0.74848,0.835719
-0.75161,0.792151
-0.23905,0.989434
-0.23133,0.681000
-0.71380,0.916620
-0.63569,0.628467
-0.24345,0.987564
-0.63915,0.764223
-0.49617,0.868782
-0.24428,0.985853
-0.27702,0.849474
-0.48683,0.740773
-0.45369,1.200460
-0.64063,0.783312
-0.66689,0.748882
-0.47589,0.726402
-0.64541,0.758072
-0.63455,0.630517
-0.16095,0.814930
-0.68535,0.728615
-0.62262,0.492095
-0.18258,0.564519
-0.51626,0.805051
-0.65947,0.737436
-0.48744,0.504543
-0.73845,0.766974
-0.56567,0.947451
-0.54691,1.051190
-0.57927,0.641381
-0.44602,0.685957
-0.66982,0.739828
-0.48283,0.869723
-0.58562,0.434068
-0.45442,1.200454
-0.26904,0.953908
-0.75434,0.787821
-0.45608,0.346433
-0.25713,0.840001
-0.56579,1.064028
-0.28273,0.849069
-0.51213,0.540196
-0.45353,0.346932
-0.63087,0.796513
-0.19814,0.539794
-0.72310,0.751149
-0.25729,0.985495
-0.56039,1.059530
-0.45780,0.446070
-0.26149,0.715998
-0.63040,0.795573
-0.61944,0.669848
-0.14105,0.816351
-0.61703,0.471846
-0.10991,0.944447
-0.62929,0.674509
-0.57326,0.420571
-0.46782,0.343189
-0.64260,0.767809
-0.45457,0.440657
-0.18013,0.562193
-0.52987,0.580202
-0.60956,0.837823
-0.47694,0.340625
-0.17145,0.813793
-0.63382,0.760896
-0.43583,0.384364
-0.10970,0.946186
-0.21318,0.531663
-0.55412,1.058185
-0.25975,0.986846
-0.47060,0.341205
-0.30111,0.855720
-0.55606,0.973952
-0.52530,0.582669
-0.29100,0.850739
-0.18210,0.560579
-0.41394,1.146383
-0.74420,0.878553
-0.10993,0.928871
-0.66325,0.732420
-0.65280,0.617316
-0.59978,0.852688
-0.51321,0.546925
-0.51588,0.550525
-0.28336,0.846738
-0.49302,0.513347
-0.64184,0.629000
-0.65810,0.610864
-0.56355,1.064202
-0.52081,0.570772
-0.37949,1.251940
-0.30391,0.855673
-0.69205,0.955811
-0.64352,0.624606
-0.16493,0.811502
-0.60118,0.448814
-0.42072,0.657491
-0.53188,1.022118
-0.69498,0.951299
-0.10878,0.924706
-0.75679,0.785481
-0.42916,1.250692
-0.49057,0.342714
-0.51028,0.544467
-0.21868,0.669596
-0.14726,0.814057
-0.30206,0.860259
-0.46545,0.466300
-0.62742,0.741256
-0.14074,0.966957
-0.10861,0.925535
-0.64316,0.637518
-0.66122,1.010908
-0.55814,0.605906
-0.21656,0.530433
-0.44360,1.240575
-0.58277,0.653257
-0.52939,0.589582
-0.54920,1.056879
-0.66839,0.723857
-0.47502,0.337875
-0.62963,0.681336
-0.64897,0.631446
-0.52016,0.572254
-0.65198,0.656022
-0.39905,1.258247
-0.52423,0.587399
-0.63027,0.789229
-0.64986,0.635097
-0.57573,0.915708
-0.56284,0.399709
-0.51165,0.780782
-0.43645,0.390001
-0.11511,0.957776
-0.61110,0.679128
-0.63252,0.501519
-0.57579,0.647877
-0.69551,0.733400
-0.72075,0.750033
-0.61499,0.685464
-0.76012,0.811029
-0.59562,0.860476
-0.61579,0.685206
-0.26389,0.984375
-0.63970,0.717906
-0.45469,1.174640
-0.20361,0.529656
-0.14643,0.811072
-0.26364,0.982461
-0.29486,0.756293
-0.55773,0.964761
-0.14414,0.809733
-0.47255,0.873527
-0.56632,0.634288
-0.10351,0.920911
-0.53039,1.035314
-0.55168,0.611396
-0.16606,0.803815
-0.62553,0.804170
-0.63959,0.726783
-0.64178,0.716690
-0.64795,0.675916
-0.58472,0.875806
-0.51356,0.566342
-0.75038,0.766072
-0.41033,1.141458
-0.65404,0.629557
-0.64184,0.718916
-0.73560,0.752305
-0.10355,0.941940
-0.10984,0.963187
-0.59660,0.442636
-0.36176,0.604453
-0.17672,0.595933
-0.72790,0.749103
-0.34158,0.803919
-0.63632,0.725019
-0.29850,0.842409
-0.35142,1.233889
-0.76112,0.818784
-0.29506,0.842105
-0.43568,0.348297
-0.56219,0.392059
-0.56594,0.926181
-0.15327,0.805997
-0.12671,0.811732
-0.60400,0.686537
-0.53467,0.998926
-0.55748,1.066347
-0.50601,0.874588
-0.54108,0.371872
-0.52011,0.810979
-0.57954,0.658995
-0.19584,0.531986
-0.20459,0.527638
-0.65915,0.540143
-0.47959,0.506648
-0.59459,1.062300
-0.53457,1.057483
-0.53102,1.050253
-0.60709,0.681518
-0.28620,0.837835
-0.58326,0.660026
-0.31042,0.869703
-0.29520,0.834450
-0.27747,0.835978
-0.59610,0.682924
-0.42869,0.340523
-0.59681,0.664756
-0.28239,0.838522
-0.58716,0.664250
-0.15181,0.804130
-0.60518,0.672991
-0.65905,0.705209
-0.52193,0.869081
-0.63939,0.710666
-0.49805,0.545380
-0.30299,0.833846
-0.46725,0.332543
-0.40497,0.850682
-0.74252,0.892358
-0.76537,0.829645
-0.59188,0.664569
-0.45596,1.170253
-0.57522,0.879057
-0.56807,0.645797
-0.66001,0.645922
-0.67447,0.714972
-0.64922,0.698349
-0.27260,0.832802
-0.74852,0.885984
-0.58649,0.671549
-0.59271,0.684668
-0.17279,0.559835
-0.52368,0.866228
-0.63772,0.710504
-0.26598,0.988282
-0.66887,0.595073
-0.30777,0.840847
-0.76823,0.830433
-0.52762,0.599661
-0.60580,0.697218
-0.47085,0.488509
-0.73381,0.896274
-0.43555,1.250806
-0.13762,0.780092
-0.43856,0.335897
-0.42106,1.259734
-0.49290,0.529099
-0.25838,0.532248
-0.18615,0.527233
-0.45341,0.326267
-0.63609,0.691355
-0.17072,0.796878
-0.31863,0.859322
-0.64166,0.508865
-0.26545,0.994028
-0.44039,1.151182
-0.70720,0.943704
-0.56105,0.933192
-0.17895,0.533057
-0.61355,0.810911
-0.14553,0.780310
-0.44662,0.676499
-0.72207,0.739585
-0.62335,0.706568
-0.55160,0.621028
-0.64452,0.512174
-0.58595,0.677562
-0.18663,0.624406
-0.42666,0.388873
-0.70198,0.721073
-0.56873,0.903697
-0.56748,0.906418
-0.24816,1.000982
-0.15005,0.791482
-0.60987,1.056942
-0.60062,0.438284
-0.62036,1.049080
-0.67333,0.692209
-0.55605,1.071818
-0.44136,0.328618
-0.51438,0.876595
-0.58427,0.677763
-0.54921,0.620894
-0.14057,0.777143
-0.63367,0.707330
-0.12630,0.780983
-0.61857,0.714811
-0.66709,0.562795
-0.46372,1.214072
-0.61997,0.707289
-0.63395,0.483903
-0.21247,1.002467
-0.59551,0.830862
-0.71670,0.731153
-0.46228,0.480075
-0.17410,0.528993
-0.46170,1.199495
-0.31018,0.834261
-0.48962,0.885001
-0.33256,1.200556
-0.45959,0.470761
-0.76077,0.871134
-0.11786,0.797538
-0.60961,0.724700
-0.48419,0.519053
-0.30812,0.829396
-0.65902,0.676455
-0.32697,0.833395
-0.17327,0.794032
-0.60871,0.725606
-0.13707,0.777167
-0.55479,0.636366
-0.76534,0.853776
-0.51421,0.877760
-0.16998,0.537171
-0.26597,0.999946
-0.13224,0.981759
-0.26089,1.003761
-0.43019,0.327420
-0.53790,0.849546
-0.56853,0.668997
-0.52679,1.069781
-0.49538,0.737859
-0.30778,0.826930
-0.40198,0.629874
-0.17052,0.547918
-0.09006,0.946278
-0.76528,0.846881
-0.60187,0.429337
-0.76871,0.855155
-0.45298,0.319153
-0.42058,0.377487
-0.66674,0.580166
-0.08134,0.952714
-0.31467,0.811328
-0.67041,0.642747
-0.49536,0.574292
-0.34515,0.819224
-0.63670,0.482794
-0.48080,0.887668
-0.17664,0.515929
-0.51966,0.881373
-0.33063,1.203645
-0.21865,0.511991
-0.08461,0.949641
-0.15577,0.543264
-0.25990,1.007318
-0.60101,0.816269
-0.56409,1.079026
-0.51947,0.347600
-0.32912,0.813171
-0.54576,0.628288
-0.17510,0.793189
-0.33246,0.843884
-0.55632,0.869464
-0.55467,0.870825
-0.67351,0.645357
-0.33484,0.819614
-0.24597,1.009661
-0.51334,0.884554
-0.31353,0.888370
-0.61162,0.769028
-0.33241,0.854280
-0.60819,0.438988
-0.09093,0.926167
-0.51317,1.020061
-0.33907,0.828088
-0.58248,0.837400
-0.09536,0.980260
-0.07632,0.961612
-0.61125,0.759816
-0.52922,0.354079
-0.64925,0.503924
-0.60376,0.431533
-0.35844,1.144641
-0.67261,0.576833
-0.66515,0.661953
-0.16563,0.577918
-0.77236,0.787470
-0.61218,0.431293
-0.44000,1.140904
-0.52923,0.897292
-0.60237,1.073547
-0.17301,0.514948
-0.58282,0.392314
-0.67297,0.577382
-0.12242,0.781292
-0.47961,0.536093
-0.76890,0.769008
-0.52725,0.904768
-0.54155,0.881629
-0.54235,0.835278
-0.34537,0.837412
-0.32945,1.186909
-0.45030,0.307902
-0.08231,0.940639
-0.19106,0.987990
-0.53955,0.909143
-0.50166,0.888427
-0.46564,0.507554
-0.07353,0.944384
-0.53896,1.088792
-0.52275,0.883403
-0.55287,0.845447
-0.43119,0.645874
-0.56077,0.679089
-0.60070,0.781616
-0.41782,0.385920
-0.15211,0.555046
-0.51210,1.015829
-0.48781,0.573232
-0.45844,0.487078
-0.10151,0.779576
-0.24802,1.029696
-0.53477,0.903993
-0.11083,0.779637
-0.45777,0.495368
-0.32985,1.176829
-0.26561,0.738406
-0.50467,1.059686
-0.25632,1.014097
-0.77279,0.862608
-0.52640,1.084761
-0.50838,1.031603
-0.44232,0.882128
-0.53827,0.901719
-0.45988,0.677200
-0.44621,1.140244
-0.53201,1.090499
-0.10058,0.785951
-0.57078,0.381230
-0.27618,1.024491
-0.25761,1.023146
-0.54075,0.824191
-0.37166,0.850520
-0.07359,0.942106
-0.28648,1.012914
-0.46450,1.241823
-0.09452,0.765952
-0.51535,1.000353
-0.35891,0.836774
-0.47659,1.196353
-0.55340,0.673609
-0.46123,0.675906
-0.09465,0.779642
-0.68064,0.683257
-0.53258,0.626364
-0.38982,0.615820
-0.74944,0.909720
-0.54458,0.916535
-0.52337,0.615020
-0.26639,1.029920
-0.71506,0.712800
-0.28856,1.023567
-0.64219,0.466043
-0.11729,0.767906
-0.61539,1.065789
-0.12376,0.743695
-0.48773,0.310790
-0.54020,0.665468
-0.50091,1.034000
-0.76513,0.747893
-0.09905,0.795718
-0.66851,0.523125
-0.11193,0.770858
-0.17114,0.503362
-0.78428,0.793697
-0.77552,0.770436
-0.47220,0.545028
-0.32640,1.178236
-0.67851,0.551782
-0.33482,1.161539
-0.11758,0.765913
-0.50033,1.035559
-0.06962,0.959944
-0.66957,0.503695
-0.48856,1.044000
-0.13177,0.734029
-0.68560,0.674980
-0.67302,0.504313
-0.68958,0.655156
-0.78342,0.788095
-0.67684,0.534662
-0.67398,0.502072
-0.34926,0.863236
-0.45026,1.131608
-0.50309,1.067863
-0.06157,0.945720
-0.41416,0.327639
-0.44523,1.132378
-0.16466,0.988212
-0.44455,0.640714
-0.26473,0.740348
-0.75011,0.723604
-0.05630,0.971315
-0.29514,0.912982
-0.73102,0.946571
-0.40991,0.328265
-0.29917,0.986594
-0.29031,0.933876
-0.68216,0.558833
-0.59556,0.747015
-0.39461,0.369929
-0.44184,1.260918
-0.30266,0.991002
-0.23798,0.816961
-0.78472,0.845218
-0.37559,1.122203
-0.57346,1.098403
-0.56511,0.721509
-0.50679,0.913711
-0.53290,0.652276
-0.67554,0.512629
-0.49602,0.314045
-0.09220,0.811856
-0.06404,0.993692
-0.63450,0.436591
-0.49483,0.598769
-0.09916,0.739705
-0.31834,1.231201
-0.51222,1.084397
-0.39319,0.356099
-0.08333,0.992775
-0.50788,0.997084
-0.42504,0.631715
-0.55324,0.696353
-0.05397,0.993985
-0.49812,0.609296
-0.71513,0.690931
-0.03883,0.975411
-0.48591,1.004416
-0.45634,1.262371
-0.13668,0.558506
-0.27998,1.041528
-0.08491,0.735607
-0.47100,0.678498
-0.43760,1.119207
-0.06906,0.992206
-0.19659,0.790311
-0.05502,0.990187
-0.78519,0.871916
-0.42947,1.000790
-0.53032,0.946453
-0.56377,0.809264
-0.21930,0.491993
-0.49114,0.303580
-0.05515,0.787100
-0.57213,0.816638
-0.62833,1.069716
-0.70906,0.699910
-0.07538,0.809560
-0.71378,0.687911
-0.59848,0.386104
-0.14696,0.495649
-0.46347,0.993651
-0.42299,1.006574
-0.14439,0.504804
-0.59425,0.760309
-0.56589,0.363434
-0.42660,0.999827
-0.14682,0.597622
-0.17146,0.754844
-0.45152,1.016536
-0.15541,1.113437
-0.14157,0.504301
-0.71018,0.690930
-0.48242,1.009045
-0.56237,0.800389
-0.48305,1.006554
-0.14949,0.736783
-0.13968,1.144301
-0.09948,0.833664
-0.55300,0.705922
-0.30249,0.527096
-0.46019,1.025105
-0.34210,0.477348
-0.70013,0.537638
-0.17083,0.487300
-0.56843,0.365269
-0.58292,1.108080
-0.39924,0.981986
-0.09902,1.008724
-0.20227,1.116584
-0.24793,1.102221
-0.17277,0.379980
-0.46723,0.642299
-0.49753,0.706688
-0.32332,1.250833
-0.40435,0.594157
-0.42588,1.022362
-0.78988,0.890022
-0.43926,0.974713
-0.40069,0.330368
-0.43739,0.474652
-0.05400,0.768392
-0.56540,0.771159
-0.71018,0.647309
-0.13851,1.149956
-0.35207,0.894409
-0.04965,1.009106
-0.15876,0.359767
-0.68543,0.498438
-0.49843,1.087470
-0.21270,0.370686
-0.57680,0.807538
-0.18970,0.482268
-0.42848,0.985160
-0.31497,1.044303
-0.34522,0.571777
-0.40186,0.396251
-0.42857,0.296422
-0.29569,1.219632
-0.57304,0.755240
-0.50510,1.095629
-0.38128,0.989630
-0.18392,0.332209
-0.38775,0.881784
-0.23607,0.327666
-0.27651,1.064673
-0.18977,0.342966
-0.33549,1.022689
-0.10935,1.166995
-0.11751,0.566931
-0.20860,0.352181
-0.18912,0.363858
-0.47303,0.636158
-0.77161,0.736072
-0.39298,1.110887
-0.41355,1.040125
-0.41194,1.009551
-0.15262,0.353564
-0.12398,1.184008
-0.19956,1.096513
-0.20148,0.348442
-0.16476,1.108056
-0.61130,0.381885
-0.32256,0.481984
-0.38058,0.321549
-0.03434,0.780755
-0.11095,0.522693
-0.69305,0.591227
-0.13059,0.487650
-0.49108,1.089412
-0.44014,0.959894
-0.33841,1.010376
-0.05365,0.765722
-0.16509,1.115596
-0.40732,0.975466
-0.19734,1.096188
-0.34640,0.560627
-0.14328,0.400714
-0.51832,1.127034
-0.56831,1.241790
-0.19810,0.331729
-0.12927,0.403632
-0.45234,0.562190
-0.20763,0.345380
-0.70917,0.640613
-0.02989,0.434450
-0.62453,0.401712
-0.27010,1.234116
-0.22892,1.250031
-0.01615,0.996054
-0.12547,0.487404
-0.18900,1.136661
-0.57316,1.251098
-0.56731,0.735396
-0.73227,0.971475
-0.06344,0.747434
-0.51055,0.310920
-0.26367,1.243989
-0.41198,0.552229
-0.13098,1.155871
-0.10473,1.160637
-0.43999,1.037617
-0.05502,0.557727
-0.33590,1.139702
-0.01707,1.000787
-0.18817,0.664538
-0.04146,1.025931
-0.64622,1.066522
-0.53419,0.733282
-0.29015,1.085982
-0.11449,1.137946
-0.21483,1.130652
-0.36267,0.485632
-0.11679,0.706161
-0.36222,0.895057
-0.39039,1.067238
-0.11828,0.574650
-0.44790,0.582739
-0.15950,0.388812
-0.10523,1.008038
-0.39012,0.546985
-0.46267,1.107401
-0.22077,1.252646
-0.37543,0.927079
-0.38119,0.874590
-0.26439,1.215694
-0.42381,1.086305
-0.39940,1.045280
-0.28041,1.259498
-0.24597,0.333710
-0.46240,0.606636
-0.56094,0.753330
-0.28132,1.236789
-0.52005,0.728356
-0.27268,0.761075
-0.48464,0.622439
-0.28592,1.253414
-0.59184,1.261344
-0.24093,1.114965
-0.54551,1.129248
-0.38426,1.113383
-0.06268,0.526314
-0.29268,1.087409
-0.12683,0.403451
-0.58277,0.356533
-0.11231,0.369211
-0.12847,0.384099
-0.30002,1.239540
-0.12053,1.126376
-0.79191,0.895573
-0.42042,0.952022
-0.11031,0.519250
-0.29005,1.078306
-0.17231,1.151392
-0.49389,0.974546
-0.41853,0.579444
-0.33586,0.522196
-0.43230,0.565446
-0.40350,0.555771
-0.28536,1.125991
-0.23569,0.467632
-0.40966,1.061132
-0.10138,0.363299
-0.01814,0.759323
-0.04411,0.404095
-0.73768,0.652715
-0.33489,0.911248
-0.58463,1.133240
-0.56436,1.159313
-0.52629,1.191225
-0.31696,1.096251
-0.20524,0.338576
-0.03513,0.376884
-0.39557,0.555149
-0.60587,1.254035
-0.69197,0.351625
-0.17963,1.120912
-0.04904,0.410168
-0.34181,1.001912
-0.60722,1.128438
-0.55816,1.264592
-0.34343,0.431142
-0.02216,0.536590
-0.23792,1.211408
-0.25898,1.093018
-0.28083,1.100810
-0.36429,0.343782
-0.32940,1.136544
-0.32132,0.526598
-0.33864,0.996466
-0.35415,0.982939
-0.53778,1.238820
-0.40279,1.073621
-0.09819,0.341068
-0.13409,1.196247
-0.40869,0.896462
-0.01510,0.775840
-0.06741,0.565448
-0.37574,0.518982
-0.05486,0.543182
-0.44007,1.096376
-0.49209,1.154982
-0.25930,1.268687
-0.60501,1.266041
-0.08847,0.539909
-0.77707,0.722114
-0.41929,0.566913
-0.11483,1.132622
-0.44690,0.285281
-0.52598,1.233132
-0.65442,0.444274
-0.31514,1.109398
-0.47596,0.964571
-0.38887,0.901510
-0.49618,0.675083
-0.22569,1.220345
-0.35724,0.387818
-0.29543,0.784098
-0.32875,0.976416
-0.10644,0.579243
-0.80979,0.752327
-0.72346,0.322938
-0.57461,1.274841
-0.34963,0.435455
-0.14990,0.707106
-0.04175,0.587099
-0.08851,0.495136
-0.02010,0.575515
-0.55267,1.246749
-0.05591,0.430882
-0.02334,1.030596
-0.09325,1.185496
-0.33004,0.991701
-0.11273,0.694603
-0.42362,0.915897
-0.09670,0.847510
-0.09185,0.399864
-0.36961,0.945630
-0.54582,1.145391
-0.32023,0.506973
-0.09179,1.201808
-0.36225,1.048031
-0.35700,1.036455
-0.08065,0.592339
-0.16312,0.619706
-0.07194,0.347737
-0.15033,0.324573
-0.10157,0.709686
-0.34141,1.110142
-0.40870,0.503307
-0.12734,0.442482
-0.05013,0.455471
-0.22093,1.083346
-0.80151,0.777249
-0.36549,0.465596
-0.38437,1.101221
-0.12152,0.464222
-0.73053,0.292477
-0.06776,0.345626
-0.38118,0.960317
-0.32556,0.509492
-0.52066,1.137746
-0.34266,0.933906
-0.37070,0.445219
-0.13490,1.020931
-0.03224,0.812959
-0.21475,0.473919
-0.59584,1.175450
-0.15143,0.702602
-0.02069,1.036631
-0.38616,1.286826
-0.62950,1.125029
-0.04514,1.073650
-0.30615,0.506409
-0.11867,0.391718
-0.40642,0.280016
-0.13479,0.323179
-0.64496,1.097553
-0.71466,0.281812
-0.01083,0.419596
-0.06795,0.444870
-0.09356,0.599352
-0.19847,1.218807
-0.30838,0.446984
-0.76098,0.311322
-0.21946,1.213302
-0.75323,0.977572
-0.71896,0.495533
-0.69067,1.221614
-0.59922,1.219553
-0.20167,0.399782
-0.70911,1.214178
-0.02565,0.579300
-0.71330,0.604679
-0.34141,1.070290
-0.03805,0.523089
-0.51404,1.192985
-0.11134,0.447028
-0.24943,0.372589
-0.22474,1.077419
-0.38518,0.491547
-0.30853,1.266391
-0.53390,1.197049
-0.79149,0.527171
-0.74768,0.959153
-0.68435,0.303255
-0.30539,0.407737
-0.11814,1.215873
-0.78664,0.716689
-0.39141,0.533137
-0.07337,0.711748
-0.12952,1.103404
-0.80388,0.889303
-0.72335,0.993226
-0.53714,0.310290
-0.69530,0.465908
-0.42248,0.911677
-0.61333,1.264382
-0.13785,1.017815
-0.04823,0.822147
-0.06404,0.700824
-0.74935,0.984527
-0.43943,0.282130
-0.18664,0.757239
-0.31345,0.454492
-0.05678,0.465263
-0.72511,0.384846
-0.04172,1.048374
-0.66593,1.218733
-0.79168,0.692242
-0.07990,1.163331
-0.70908,1.240320
-0.49646,1.241168
-0.00962,0.740979
-0.09675,0.853404
-0.12527,1.214526
-0.71689,0.329603
-0.19639,0.702574
-0.51953,1.223449
-0.01973,0.710362
-0.77975,0.520569
-0.14102,0.437457
-0.74390,0.622712
-0.01652,0.402921
-0.76995,0.517533
-0.01797,0.497374
-0.01267,0.747205
-0.06361,0.860067
-0.13447,0.321886
-0.02781,0.524983
-0.73274,0.425457
-0.59846,1.123090
-0.09621,0.607253
-0.49765,1.146751
-0.16598,0.703334
-0.76806,0.945709
-0.55699,1.185913
-0.22332,0.461383
-0.17979,1.251319
-0.66716,0.359337
-0.31621,0.454545
-0.76382,0.388393
-0.81318,0.517885
-0.34026,0.341085
-0.05321,0.354791
-0.75223,0.288104
-0.77674,1.006659
-0.37716,0.477764
-0.64136,1.258750
-0.60062,1.227888
-0.54167,1.271375
-0.01382,0.575675
-0.81175,0.491028
-0.71770,0.386670
-0.56905,1.164564
-0.78672,0.508868
-0.25796,0.370095
-0.35896,0.310850
-0.21825,1.056059
-0.77524,0.658500
-0.00129,0.399302
-0.79233,0.677034
-0.79168,0.685063
-0.00514,0.804302
-0.74729,0.437868
-0.81706,0.496615
-0.06929,0.490000
-0.68852,1.207912
-0.17189,0.435272
-0.22015,1.273859
-0.66334,1.217588
-0.72864,0.616025
-0.63300,0.358946
-0.37906,0.286957
-0.31962,0.927159
-0.02461,0.818345
-0.21962,1.270777
-0.27301,0.499335
-0.62604,0.344545
-0.70288,0.383709
-0.17716,1.251713
-0.13072,1.232611
-0.66543,0.280436
-0.34713,0.362953
-0.69322,0.387280
-0.70391,0.451099
-0.19618,1.194785
-0.35316,0.304340
-0.01786,0.469147
-0.11442,0.305353
-0.81194,0.474567
-0.22368,1.164776
-0.00439,0.530147
-0.68303,0.387947
-0.77861,0.438663
-0.37791,0.427675
-0.04294,0.359285
-0.72729,0.331347
-0.27433,0.392069
-0.00519,0.463895
-0.77419,0.396867
-0.44988,0.939529
-0.30550,0.359785
-0.70465,1.024624
-0.74455,0.433459
-0.00972,0.955097
-0.23135,1.143182
-0.77151,0.654431
-0.22743,0.426557
-0.75147,0.282065
-0.02289,0.693645
-0.65757,0.431670
-0.21140,0.426556
-0.12208,1.026853
-0.74040,1.009933
-0.12389,0.303507
-0.00652,1.070693
-0.00629,0.478013
-0.68524,1.050419
-0.64014,1.156572
-0.80653,1.021913
-0.72647,0.501821
-0.08842,0.868003
-0.79582,1.013300
-0.02961,0.618867
-0.63560,1.164684
-0.12004,1.042029
-0.81521,0.997310
-0.65129,0.289412
-0.08665,0.872935
-0.81074,1.041324
-0.64813,1.133263
-0.78211,0.282342
-0.71444,1.194582
-0.09117,0.637020
-0.78268,0.343723
-0.04524,0.351147
-0.14884,1.248537
-0.06588,0.304678
-0.76550,0.556497
-0.28972,0.375894
-0.26202,0.425239
-0.36641,0.283527
-0.26360,0.462502
-0.73578,1.239555
-0.25858,0.291172
-0.06179,1.088355
-0.17351,1.037214
-0.00793,0.697298
-0.80045,0.930525
-0.02184,1.103680
-0.66377,1.262053
-0.05513,0.665965
-0.79444,1.258745
-0.67140,1.079140
-0.79369,0.442837
-0.74781,1.241462
-0.00377,0.979551
-0.81477,1.047117
-0.67223,0.303330
-0.63447,0.346739
-0.81815,0.829293
-0.00323,0.685203
-0.27448,0.318525
-0.78414,0.384591
-0.10493,0.640325
-0.80357,0.567850
-0.80367,1.219407
-0.80668,1.249700
-0.05172,0.295326
-0.61687,0.283993
-0.55046,0.292227
-0.61839,0.281469
-0.81102,1.256376
-0.21523,0.751180
-0.81432,0.318074
-0.81470,0.311393
-0.06487,1.100046
-0.02649,0.887194
-0.22323,0.281086
-0.00794,0.313519
-0.55951,0.281349
-0.00508,0.921753
-0.01705,0.629330
-0.75903,0.567505
-0.00437,0.296420
-0.80913,1.111641
-0.05307,1.258058
-0.02611,1.264216
-0.80403,1.107158
-0.02259,1.156055
-0.10617,1.278486
-0.76484,1.179749
-0.71984,1.143175
-0.73862,1.068239
