106.296772,29.61526,1
106.452218,29.55296,1
106.485519,29.56432,1
106.315833,29.583762,1
106.291052,29.588001,1
106.452455,29.648496,1
106.457203,29.522078,1
106.474259,29.578144,1
106.464915,29.580381,1
106.313644,29.555813,1
106.448972,29.559592,1
106.453285,29.571895,1
106.321342,29.58833,1
106.376052,29.616779,1
106.293128,29.599652,1
106.449033,29.589891,1
106.466473,29.55293,1
106.322391,29.599864,1
106.454377,29.564926,1
106.468028,29.578668,1
106.601425,29.598015,2
106.566697,29.536633,2
106.596049,29.605513,2
106.584938,29.533477,2
106.59538,29.550882,2
106.574614,29.513297,2
106.657502,29.522694,2
106.559337,29.526427,2
106.600972,29.576226,2
106.566607,29.507727,2
106.565392,29.529877,2
106.595874,29.546544,2
106.608712,29.581319,2
106.568588,29.519328,2
106.633645,29.484202,2
106.547645,29.527234,2
106.557853,29.512624,2
106.553304,29.528881,2
106.643671,29.507383,2
106.565162,29.519055,2
106.525483,29.468401,3
106.622318,29.342071,3
106.634386,29.462974,3
106.508111,29.375036,3
106.521957,29.445576,3
106.553314,29.427936,3
106.563216,29.469618,3
106.619083,29.405154,3
106.551691,29.410395,3
106.548023,29.471248,3
106.543405,29.416583,3
106.554252,29.45509,3
106.553167,29.438811,3
106.562481,29.445041,3
106.542765,29.376422,3
106.550945,29.431217,3
106.540485,29.386622,3
106.567431,29.477577,3
106.556299,29.444151,3
106.553404,29.466208,3
106.52834,29.53015,4
106.446906,29.451371,4
106.449328,29.445033,4
106.530031,29.523224,4
106.533346,29.518272,4
106.53131,29.532088,4
106.534716,29.515111,4
106.48619,29.534363,4
106.483202,29.536285,4
106.451302,29.454091,4
106.493443,29.546644,4
106.532209,29.5284,4
106.484777,29.540616,4
106.471848,29.510793,4
106.490998,29.512005,4
106.53467,29.500511,4
106.526628,29.53089,4
106.505297,29.516321,4
106.476313,29.536468,4
106.490402,29.519146,4
106.511873,29.544078,5
106.51327,29.548041,5
106.496338,29.553974,5
106.507145,29.551199,5
106.572006,29.562471,5
106.594669,29.567945,5
106.530941,29.536188,5
106.51862,29.547847,5
106.585807,29.557631,5
106.533403,29.547211,5
106.510885,29.557828,5
106.573525,29.566571,5
106.574959,29.563807,5
106.534664,29.542789,5
106.561227,29.572342,5
106.512033,29.559602,5
106.501042,29.55472,5
106.5835,29.564405,5
106.588687,29.569077,5
106.513935,29.545228,5
106.504478,29.574517,6
106.558288,29.577269,6
106.492626,29.587477,6
106.506526,29.575559,6
106.489989,29.612565,6
106.492032,29.608668,6
106.569152,29.577598,6
106.475115,29.60377,6
106.464474,29.597972,6
106.531051,29.568486,6
106.579358,29.589238,6
106.565943,29.580003,6
106.540267,29.584072,6
106.542981,29.575784,6
106.576692,29.613326,6
106.503806,29.568901,6
106.473237,29.590196,6
106.515681,29.564946,6
106.583483,29.610761,6
106.574875,29.587121,6
108.415282,30.770207,7
108.393504,30.791902,7
108.46717,30.774527,7
108.369908,30.832606,7
108.436813,30.76228,7
108.397563,30.78609,7
108.393998,30.825528,7
108.375409,30.819132,7
108.400762,30.8329197,7
108.40733,30.806995,7
108.424545,30.824613,7
108.399033,30.832873,7
108.380149,30.845063,7
108.383287,30.832552,7
108.394703,30.764817,7
108.396958,30.792571,7
108.387376,30.787359,7
108.417278,30.837447,7
108.390978,30.796996,7
108.392663,30.776049,7
106.653947,29.048835,8
107.375946,29.724932,8
107.402129,29.709536,8
107.479317,29.803642,8
107.47865,29.803545,8
107.402413,29.696356,8
107.402511,29.696336,8
107.392669,29.712703,8
107.399261,29.699052,8
107.383584,29.712376,8
107.479518,29.803996,8
107.38429,29.707312,8
107.407529,29.710913,8
107.386396,29.705742,8
107.38369,29.712518,8
107.387772,29.711133,8
107.384416,29.711316,8
107.409205,29.6968,8
107.381419,29.706216,8
107.39364,29.713713,8
106.503023,29.752859,9
106.51069,29.715994,9
106.459116,29.703384,9
106.488158,29.74477,9
106.42245,29.829058,9
106.543649,29.841106,9
106.413124,29.804301,9
106.471363,29.726386,9
106.46402,29.736371,9
106.493256,29.734722,9
106.422459,29.832565,9
106.491433,29.737739,9
106.457456,29.851734,9
106.393319,29.807091,9
106.473388,29.722633,9
106.492382,29.722762,9
106.445276,29.833516,9
106.502696,29.753554,9
106.45418,29.829616,9
106.391917,29.808323,9
106.649728,29.030305,10
106.650053,29.036711,10
106.64776,29.046227,10
106.656223,29.042638,10
106.647931,29.031857,10
106.647144,29.048831,10
106.646912,29.04119,10
106.666522,29.042564,10
106.664464,29.032798,10
106.667315,29.037709,10
106.666661,29.029987,10
106.667512,29.040805,10
106.65786,29.046103,10
106.654347,29.044461,10
106.651167,29.03567,10
106.647771,29.037582,10
106.669704,29.035041,10
106.651385,29.052627,10
106.648395,29.062162,10
106.670678,29.043476,10
105.744638,29.685905,11
105.754367,29.68509,11
105.754347,29.692432,11
105.739614,29.695559,11
105.743165,29.704483,11
105.741974,29.703748,11
105.739851,29.679937,11
105.745575,29.677537,11
105.738362,29.689898,11
105.749397,29.689571,11
105.735462,29.696793,11
105.743317,29.691562,11
105.738813,29.708207,11
105.741338,29.689232,11
105.718208,29.702484,11
105.735741,29.686591,11
105.737078,29.688933,11
105.723723,29.712172,11
105.725447,29.71498,11
105.795959,29.495191,11
106.568849,29.630617,12
106.549535,29.60257,12
106.549535,29.60257,12
106.49826,29.592211,12
106.567034,29.596064,12
106.551017,29.648229,12
106.504162,29.60979,12
106.603323,29.665684,12
106.55281,29.624043,12
106.601043,29.659945,12
106.570825,29.659335,12
106.527127,29.590177,12
106.533174,29.607838,12
106.504176,29.608303,12
106.574674,29.653068,12
106.593185,29.643153,12
106.545644,29.602346,12
106.642652,29.740656,12
106.48931,29.636413,12
106.503513,29.60546,12
106.525483,29.468401,13
106.622318,29.342071,13
106.518897,29.46917,13
106.508111,29.375036,13
106.521957,29.445576,13
106.553314,29.427936,13
106.563216,29.469618,13
106.544279,29.389817,13
106.619083,29.405154,13
106.551691,29.410395,13
106.548023,29.471248,13
106.543405,29.416583,13
106.511027,29.470305,13
106.553167,29.438811,13
106.562481,29.445041,13
106.542765,29.376422,13
106.550945,29.431217,13
106.540485,29.386622,13
106.567431,29.477577,13
106.543275,29.410481,13
108.797434,29.535456,14
108.828324,29.521081,14
108.829375,29.526635,14
108.801466,29.525904,14
108.768584,29.536308,14
108.78637,29.527424,14
108.770557,29.535021,14
108.819792,29.506043,14
108.788069,29.540044,14
108.831736,29.527206,14
108.793924,29.52573,14
108.805453,29.526084,14
108.796554,29.535155,14
108.824448,29.511902,14
108.792103,29.533418,14
108.78182,29.539712,14
108.788697,29.53227,14
108.758332,29.47212,14
108.840282,29.541675,14
108.774155,29.534683,14
107.101764,29.862293,15
107.092473,29.858452,15
107.068033,29.875556,15
107.091051,29.866821,15
107.07621,29.86013,15
107.078076,29.841143,15
107.091363,29.864787,15
107.068599,29.872502,15
107.086076,29.853078,15
107.103975,29.849668,15
107.084668,29.869426,15
107.014551,29.832625,15
107.080904,29.86921,15
107.093998,29.867084,15
107.07795,29.866186,15
107.06966,29.85836,15
107.102917,29.859891,15
107.09248,29.862263,15
107.074892,29.854655,15
107.072956,29.851329,15
106.282589,29.433616,16
106.265654,29.324989,16
106.27025,29.290948,16
106.286481,29.284404,16
106.31337,29.417656,16
106.284177,29.286414,16
106.276979,29.29276,16
106.285002,29.282823,16
106.265482,29.291832,16
106.283146,29.281256,16
106.294009,29.267941,16
106.258481,29.320255,16
106.268137,29.288225,16
106.277019,29.286031,16
106.264197,29.289132,16
106.476309,29.288541,16
106.287604,29.280445,16
106.28864,29.279032,16
106.314009,29.422884,16
106.293761,29.271352,16
106.250383,30.007843,17
106.292218,30.019351,17
106.279892,30.007035,17
106.293151,29.975591,17
106.2773,29.977514,17
106.285806,30.015401,17
106.250901,29.998902,17
106.238466,30.009949,17
106.290653,29.972764,17
106.290653,29.972764,17
106.259062,29.987847,17
106.254272,29.990273,17
106.24007,30.00886,17
106.28355,29.98365,17
106.285385,29.971935,17
106.291302,29.978049,17
106.288453,29.980808,17
106.279594,29.973688,17
106.252857,30.009985,17
106.290492,29.976205,17
106.226088,29.592218,18
106.222798,29.592569,18
106.228909,29.583494,18
106.243673,29.610157,18
106.246977,29.731947,18
106.234097,29.598725,18
106.237118,29.609817,18
106.219123,29.582791,18
106.224503,29.573953,18
106.226511,29.577695,18
106.247648,29.603818,18
106.224884,29.550039,18
106.234131,29.577042,18
106.230633,29.575273,18
106.244613,29.614762,18
106.239509,29.605815,18
106.233968,29.571387,18
106.248935,29.464628,18
106.237812,29.571427,18
106.226313,29.595244,18
105.950496,29.369145,19
105.938806,29.368509,19
105.945662,29.350793,19
105.903293,29.355007,19
105.94447,29.362459,19
105.948447,29.353232,19
105.937834,29.33277,19
105.952929,29.35123,19
105.939722,29.336113,19
105.951074,29.371468,19
105.940452,29.361977,19
105.944221,29.346203,19
105.939062,29.330546,19
105.942764,29.36768,19
105.906981,29.365545,19
105.947904,29.382055,19
105.938174,29.354217,19
105.943862,29.364779,19
105.935178,29.338172,19
105.934437,29.358087,19
106.07416,29.839464,20
106.074608,29.836665,20
106.073628,29.822547,20
106.082305,29.85727,20
106.077967,29.852453,20
106.073452,29.847171,20
106.062812,29.828359,20
106.072028,29.828503,20
106.078388,29.856366,20
106.086096,29.853693,20
106.089245,29.847259,20
106.069011,29.840586,20
106.055365,29.835854,20
106.066748,29.83041,20
106.069543,29.853157,20
106.082139,29.849787,20
106.066475,29.855201,20
106.07844,29.849896,20
106.077713,29.865186,20
106.061828,29.838659,20