69,102
455,265
101,169
373,263
301,47
101,206
110,56
119,47
355,76
276,182
143,118
204,133
78,139
159,212
68,59
408,160
416,150
508,191
150,205
499,182
275,233
84,90
362,242
506,159
421,135
504,314
357,199
327,92
214,64
351,87
216,242
442,277
69,203
547,99
406,142
402,248
197,261
163,66
562,173
340,115
63,78
261,268
319,66
494,149
538,280
431,114
394,119
320,57
78,153
361,273
417,121
79,128
77,84
137,213
423,161
88,85
202,98
201,200
352,207
128,218
562,151
144,172
571,245
559,231
290,115
209,55
431,270
429,284
46,139
280,156
321,76
200,160
179,239
58,198
359,279
290,275
366,44
493,137
74,114
64,186
272,149
450,276
119,48
154,156
207,148
398,120
246,234
92,114
529,73
130,134
383,45
506,182
62,90
296,75
552,153
209,231
240,241
540,57
173,272
291,190
317,51
97,59
156,260
345,154
264,113
224,75
228,167
512,44
145,237
254,237
202,53
556,101
453,269
371,258
458,128
499,146
74,158
329,242
216,85
510,150
199,266
211,71
345,44
517,273
81,115
507,165
373,183
340,148
415,121
405,188
629,182
389,201
239,76
374,278
406,63
204,238
288,109
373,201
86,111
538,200
380,204
337,264
142,174
607,96
364,118
404,49
357,149
291,276
422,47
271,248
553,216
432,265
543,216
142,48
189,193
222,95
226,182
151,39
203,60
505,78
372,55
403,152
266,157
87,123
424,303
502,183
276,67
274,128
190,194
402,104
204,58
220,276
216,109
545,153
545,209
278,118
219,250
226,121
550,180
200,276
70,206
61,101
121,76
565,202
289,225
207,146
37,70
496,160
517,70
340,263
226,79
360,211
366,58
425,137
548,145
388,114
452,273
283,48
404,258
402,221
142,231
146,227
284,265
338,257
105,51
545,225
208,75
345,204
274,220
289,174
564,90
413,116
272,132
421,212
265,268
489,163
90,213
543,287
223,68
393,135
68,188
490,165
70,147
391,48
288,216
140,130
147,106
541,127
400,124
218,155
202,72
168,261
619,70
437,271
155,216
81,215
371,172
425,180
93,97
189,262
524,156
381,69
257,248
150,273
184,261
332,119
425,195
221,158
285,275
270,164
292,250
414,274
538,48
460,53
555,173
434,300
502,53
227,158
374,163
289,27
280,239
277,143
423,216
271,123
616,181
260,139
264,244
516,127
84,48
539,94
144,124
414,206
566,143
137,267
167,274
527,153
563,113
161,81
369,193
399,173
201,49
538,236
191,75
496,148
73,70
88,202
89,82
157,126
315,66
559,54
222,267
406,222
247,238
585,196
557,55
518,180
225,144
354,242
508,79
352,183
488,61
545,153
616,72
229,122
497,164
134,268
338,140
466,265
106,109
370,59
544,124
415,45
201,207
385,200
386,139
533,122
214,213
69,58
324,76
259,276
296,72
269,245
383,281
379,204
91,74
67,163
459,130
344,119
360,212
275,157
529,69
423,248
576,112
176,265
344,131
116,70
327,68
347,225
535,213
193,178
155,83
153,175
160,267
543,168
198,187
418,129
153,279
389,142
90,149
375,47
150,245
265,216
146,160
405,70
460,67
467,181
403,110
513,118
426,61
143,49
38,71
284,254
494,64
107,285
229,70
462,274
388,274
135,212
221,96
74,65
594,214
133,225
517,296
68,256
506,59
542,185
223,319
530,47
213,129
205,157
234,238
411,258
153,180
142,76
525,166
467,264
148,164
558,82
400,220
351,140
526,82
216,178
287,235
280,215
223,261
119,47
291,273
378,260
138,48
404,45
345,131
448,259
209,95
555,217
145,85
73,83
392,171
80,187
130,226
149,263
219,182
206,251
371,209
565,124
179,75
294,203
271,161
80,195
204,153
383,248
260,126
420,66
635,53
431,264
407,246
278,205
630,115
555,86
66,127
345,56
412,78
330,281
260,178
148,265
150,152
387,50
446,85
129,275
77,158
154,127
632,312
205,270
138,109
94,216
228,241
402,106
323,78
95,52
291,135
418,102
227,248
280,257
560,193
147,258
370,65
291,211
192,48
89,194
230,83
123,85
410,210
280,185
394,67
133,134
351,187
148,166
363,92
292,210
291,73
562,88
153,47
333,135
556,24
353,139
191,183
485,160
168,260
62,86
461,252
201,169
395,131
202,198
215,118
216,151
221,71
347,246
126,142
46,145
164,55
550,118
426,270
520,130
379,255
573,90
543,171
534,194
354,121
154,225
132,196
338,71
502,53
279,245
425,274
542,208
288,263
364,265
435,248
51,180
307,75
357,95
551,244
225,176
495,143
351,46
209,164
534,104
524,93
208,131
572,224
422,65
153,150
478,227
389,122
145,194
337,149
148,77
217,96
83,191
300,76
510,134
258,257
290,171
326,125
235,71
477,215
266,269
156,78
421,145
509,93
269,57
280,194
216,256
354,259
600,164
309,65
551,216
277,201
505,120
558,213
219,179
279,193
224,203
134,130
111,49
484,236
416,271
467,161
410,185
89,178
234,69
142,234
511,96
400,81
277,242
334,284
375,82
80,84
517,178
207,70
524,170
414,53
557,103
474,58
549,209
372,273
530,77
205,247
226,145
364,100
385,114
184,271
179,86
384,102
409,44
402,213
362,243
117,82
459,290
566,236
213,111
522,119
198,155
294,256
408,68
217,191
142,169
214,145
282,64
317,54
612,94
515,205
562,185
290,120
148,151
239,252
187,251
422,206
500,182
333,67
395,273
81,217
425,253
420,259
198,122
548,197
358,59
423,108
82,94
394,156
386,208
331,247
525,304
212,296
473,65
551,257
86,66
483,275
323,65
84,199
323,25
133,199
519,192
203,178
264,248
343,280
288,70
353,109
514,167
174,83
72,114
446,124
398,135
159,243
493,129
496,133
70,94
225,115
364,61
492,52
227,113
110,282
559,143
78,188
203,276
353,281
198,246
554,65
64,59
60,67
286,256
456,258
274,107
216,200
205,216
432,276
516,68
550,222
487,71
230,158
493,73
292,244
325,281
217,140
418,216
201,201
285,204
269,245
220,121
174,130
518,96
261,195
61,79
71,204
415,318
347,272
70,216
150,236
265,232
500,71
352,63
575,93
260,141
603,74
542,47
88,212
220,211
359,150
62,168
76,167
151,126
107,71
337,268
65,55
77,201
398,157
413,138
496,82
541,108
176,86
545,107
208,243
225,123
397,57
515,185
459,263
346,100
70,59
39,88
83,178
79,178
492,157
127,66
330,279
570,245
198,140
201,48
109,62
157,124
162,186
104,70
18,296
196,269
127,129
417,59
518,70
268,79
515,203
349,68
147,125
399,186
368,74
380,272
102,50
75,123
348,240
344,98
536,45
288,199
525,99
588,158
570,232
267,214
560,225
278,218
403,272
202,187
61,57
153,165
420,110
208,76
409,193
504,180
410,249
148,143
340,156
359,71
489,166
538,211
391,267
86,74
108,81
389,115
131,52
400,137
199,109
210,161
275,276
79,49
252,35
473,248
559,178
542,60
66,199
92,56
455,121
325,124
216,55
554,101
369,206
379,244
272,191
206,156
391,191
361,81
435,273
571,77
243,255
275,158
152,80
479,275
126,176
480,74
459,254
276,117
104,50
548,76
73,151
492,131
481,78
562,185
497,133
500,76
569,114
560,71
468,69
468,195
476,237
413,213
53,194
415,135
523,123
390,155
398,115
554,184
543,127
404,124
342,147
534,291
171,136
283,111
219,239
81,190
260,206
80,173
405,281
170,258
557,136
88,108
148,251
217,56
423,276
528,187
25,154
557,114
84,91
363,266
417,118
347,274
255,255
216,132
95,150
260,112
276,133
311,227
337,38
163,255
524,212
62,160
364,154
222,84
218,189
173,274
582,74
91,114
473,190
215,163
546,237
339,154
315,58
364,195
350,128
153,172
502,143
503,49
137,119
247,249
259,124
198,79
284,223
484,279
454,267
500,142
63,81
196,105
488,150
403,137
259,272
389,198
552,145
307,44
205,179
493,80
537,238
542,171
373,192
144,260
548,261
145,134
221,118
144,63
86,276
60,134
319,75
264,267
386,180
210,137
542,219
381,218
376,213
374,185
487,147
316,45
195,129
183,57
264,199
407,139
384,242
565,247
94,79
355,148
134,270
132,267
177,109
336,276
394,253
196,198
64,163
71,140
182,81
288,259
228,139
546,74
505,142
415,185
385,243
347,50
542,241
34,61
127,138
199,277
344,262
250,114
195,186
539,200
411,150
221,88
267,72
550,242
510,178
319,74
191,243
190,102
532,170
225,243
519,177
86,301
216,298
222,239
410,254
418,210
273,255
520,130
207,144
566,115
557,179
122,68
150,77
467,154
209,166
222,138
377,80
207,311
529,68
262,204
129,169
553,175
215,119
557,80
531,63
418,200
238,262
201,265
189,251
167,47
265,49
349,265
422,147
206,124
402,95
224,204
526,301
316,47
467,160
156,235
41,101
421,169
347,94
377,275
228,61
340,48
405,44
128,111
258,272
464,278
144,173
338,79
209,191
218,170
440,71
567,255
120,70
291,43
142,79
282,275
65,195
266,240
205,51
73,78
141,137
191,76
279,81
518,307
415,255
90,88
284,174
418,122
411,205
549,176
40,89
567,217
68,208
377,213
211,107
232,257
571,251
537,100
493,152
127,164
515,227
560,189
295,121
164,154
254,246
423,178
22,23
153,227
395,51
405,251
469,165
388,78
212,246
496,80
540,180
191,180
67,179
174,228
487,73
339,262
328,76
265,149
323,299
412,150
457,126
546,168
381,259
77,149
438,247
277,217
153,141
73,177
78,153
385,255
365,115
84,146
357,142
393,209
273,209
514,131
288,55
282,241
383,244
548,66
201,191
576,185
554,192
309,73
610,62
478,73
73,70
136,81
217,240
342,97
515,200
155,220
512,163
523,155
183,250
341,123
346,95
551,47
560,158
375,64
137,221
145,215
356,138
543,192
546,239
215,262
441,254
424,197
66,185
54,170
215,220
342,81
270,113
353,61
592,154
180,114
476,276
275,60
177,228
412,147
136,277
196,193
223,186
127,81
482,272
544,91
239,271
74,173
204,152
392,257
70,109
377,259
126,211
419,71
109,280
134,50
421,193
348,143
531,59
159,107
631,234
175,59
156,226
34,170
527,134
209,75
514,159
86,170
484,244
413,67
69,141
134,235
86,93
71,115
138,50
403,204
395,112
239,270
388,261
82,79
555,66
552,146
542,105
396,97
396,219
487,175
366,211
214,196
567,237
135,80
268,258
177,68
551,177
499,292
498,34
391,248
228,58
113,276
366,211
265,262
70,103
556,72
198,59
213,208
280,240
380,298
187,192
180,49
127,207
498,287
261,276
476,204
406,193
533,66
279,50
573,253
409,105
407,159
369,276
533,225
132,251
555,54
264,210
333,69
420,76
227,86
527,223
502,26
544,119
473,275
423,55
325,94
227,103
403,202
217,154
93,206
543,204
346,242
552,132
565,246
340,109
269,179
332,103
152,232
149,262
59,62
93,132
504,136
132,146
493,80
229,247
510,95
284,261
91,77
532,108
273,48
325,253
562,176
157,61
337,59
285,64
107,57
132,135
77,85
431,242
298,49
400,180
559,208
564,131
145,321
504,167
225,127
268,181
301,51
339,68
359,29
131,141
275,235
569,108
550,208
349,257
522,188
526,131
565,212
412,133
422,185
104,149
151,167
547,77
74,119
223,128
391,149
554,37
393,129
347,139
447,245
68,78
224,140
228,150
193,188
305,76
101,295
432,266
255,274
78,160
207,50
572,228
392,270
211,253
60,85
516,93
185,236
222,214
286,62
410,269
530,97
551,216
191,108
226,256
157,268
193,88
466,77
532,65
225,190
385,42
197,157
266,51
142,225
342,89
382,41
554,154
423,174
527,109
423,102
448,242
213,192
382,136
409,167
530,188
396,102
94,48
141,166
407,269
363,79
358,68
388,56
360,311
206,191
407,62
564,134
363,196
194,175
343,259
366,249
159,179
97,56
396,212
308,54
448,276
221,245
407,116
412,71
564,116
549,198
499,126
41,177
77,144
366,199
139,258
526,162
409,153
193,61
159,240
461,67
326,152
511,186
406,207
130,64
193,205
274,259
541,109
148,78
290,261
395,216
365,97
268,78
431,243
299,82
294,187
110,214
293,66
293,79
245,259
561,178
112,275
67,103
543,170
128,224
123,73
338,56
450,270
78,202
329,248
197,118
325,94
513,168
433,60
549,156
194,247
335,47
151,223
272,111
84,121
407,189
540,275
339,52
426,254
432,157
273,239
399,278
330,108
121,64
307,44
612,87
392,182
384,156
578,47
417,46
150,161
123,251
405,110
43,149
530,164
101,46
483,246
140,266
252,275
485,80
177,113
15,198
156,110
529,67
60,81
444,246
159,139
168,72
553,240
383,198
542,86
506,148
271,144
68,46
71,194
575,98
264,252
134,200
618,139
553,238
507,80
212,59
146,86
338,100
389,144
83,126
510,121
131,208
535,141
516,62
526,208
424,247
323,57
197,240
154,64
362,102
86,91
604,195
501,71
242,237
362,79
404,213
147,190
195,150
366,39
194,195
333,253
359,88
295,74
367,48
561,197
420,254
398,188
360,267
88,141
551,246
292,50
364,265
460,256
489,152
469,71
361,134
580,235
60,55
388,222
440,267
279,75
256,260
271,53
223,100
571,234
486,61
287,161
344,125
529,201
326,87
90,142
536,87
482,80
138,321
427,259
99,61
320,301
210,86
537,178
137,71
88,102
405,174
368,199
577,90
230,81
527,104
163,131
348,85
154,73
359,91
86,202
219,177
511,46
349,196
471,80
260,251
390,282
128,131
552,127
220,259
83,316
217,51
226,238
543,152
193,140
510,198
103,51
216,142
291,205
198,74
520,140
202,74
400,56
421,180
118,49
532,165
513,79
177,111
46,133
527,149
461,251
374,265
522,76
407,110
550,182
586,178
550,244
511,139
153,81
555,91
169,59
529,76
308,279
396,219
549,189
626,296
74,202
69,143
375,211
407,56
281,221
483,51
77,162
580,229
344,90
127,120
476,81
369,185
211,174
621,59
352,116
631,119
477,66
541,150
617,98
79,175
202,56
284,71
212,142
192,216
347,144
161,158
601,286
502,90
273,114
95,63
533,185
453,281
424,209
161,219
224,233
132,144
185,66
416,208
135,71
378,80
345,275
88,72
136,206
530,126
184,57
396,46
338,45
377,254
377,251
211,136
139,250
44,119
269,43
248,268
494,85
67,113
432,250
560,167
151,206
63,90
524,48
224,259
146,160
397,71
83,206
291,170
536,209
326,134
576,82
397,207
541,150
342,150
361,153
225,71
147,74
545,73
393,161
393,248
522,224
364,213
348,109
543,211
260,205
386,245
494,52
142,127
236,317
59,61
407,72
78,185
92,70
390,173
125,53
105,82
218,315
532,232
260,111
530,170
297,288
237,214
349,210
479,261
191,111
241,206
355,134
570,112
414,264
384,173
202,160
189,89
279,241
568,118
356,227
405,269
38,76
219,273
459,267
97,77
564,160
385,121
264,224
412,207
123,54
33,29
79,175
153,221
131,232
183,234
159,200
561,130
120,59
94,77
197,264
152,180
519,128
225,237
365,197
382,79
148,258
129,54
282,149
129,245
415,270
252,268
557,242
516,217
483,258
415,144
308,300
528,85
352,187
229,215
523,57
290,50
153,65
128,211
72,201
165,72
325,263
78,185
147,247
90,71
95,155
296,70
397,58
278,63
62,138
75,170
85,66
406,158
125,117
418,219
225,260
127,113
72,116
97,67
153,133
535,136
549,228
279,176
196,252
208,70
161,112
471,77
40,227
173,123
559,98
142,107
227,72
479,255
128,225
568,215
50,168
528,186
537,287
355,115
432,85
522,77
190,65
557,125
104,185
83,134
365,255
336,93
289,58
264,157
163,106
507,198
346,68
354,126
391,99
103,37
141,176
520,118
86,78
163,185
209,154
109,49
168,55
322,45
88,177
564,84
554,236
280,179
442,66
62,49
333,90
201,243
379,80
336,94
350,269
207,100
398,210
535,67
274,253
367,53
190,94
495,129
82,68
269,141
345,193
285,117
200,265
557,246
553,252
534,236
284,167
188,78
209,124
304,77
181,271
437,271
159,211
127,239
342,135
192,90
71,141
134,248
263,137
156,148
279,80
540,219
543,184
54,194
355,98
561,108
192,178
210,88
120,269
164,133
342,266
576,84
200,211
77,55
361,168
268,246
245,265
252,241
146,212
208,172
44,274
76,55
492,60
545,107
542,218
508,173
401,210
154,155
200,134
287,122
404,61
78,57
77,80
133,118
567,119
93,165
144,75
72,181
520,190
529,159
139,199
499,82
364,92
523,155
490,54
490,274
477,56
160,134
457,249
200,112
440,270
456,123
296,41
543,160
135,121
211,206
546,194
389,130
358,53
550,51
205,80
195,185
401,130
492,139
223,115
354,63
464,65
105,86
471,51
46,76
534,130
261,141
352,92
179,84
387,191
167,47
572,243
520,208
462,143
204,211
374,45
62,241
512,87
289,158
293,267
86,165
356,139
483,56
352,290
247,237
486,151
521,209
291,255
300,59
513,105
513,71
527,65
566,102
92,134
506,198
348,259
504,76
399,249
129,193
84,208
168,60
510,208
408,266
369,175
292,277
149,78
463,271
446,81
133,258
286,135
556,242
67,66
382,197
192,88
157,132
382,118
326,260
350,139
527,106
44,228
164,66
480,61
356,203
409,49
392,245
483,256
201,104
287,110
508,33
305,295
504,83
307,68
534,204
261,53
418,142
197,259
172,69
135,142
525,121
424,195
484,77
267,176
357,110
220,168
544,68
276,159
480,72
125,171
288,245
334,116
152,209
537,109
132,258
287,257
363,67
178,242
545,312
569,115
569,148
543,272
75,204
227,208
204,252
192,47
531,48
68,270
292,230
38,59
385,172
543,110
81,144
417,205
525,112
131,77
215,133
115,277
230,131
574,195
415,118
481,70
62,47
178,75
272,206
83,200
541,178
362,277
85,70
494,170
240,273
265,52
563,250
182,275
285,129
76,123
224,215
281,143
185,48
567,93
271,48
211,254
403,82
292,152
199,254
263,115
516,176
153,206
254,124
198,183
332,247
271,65
463,143
582,228
541,170
68,210
355,267
151,135
349,69
271,111
141,230
112,75
433,279
226,136
560,193
285,139
268,136
539,232
577,240
545,69
408,111
609,272
282,215
327,67
482,254
356,215
82,120
529,188
326,134
281,150
498,175
328,79
100,220
273,202
550,150
300,288
457,171
132,136
200,154
274,210
516,247
548,115
421,264
277,258
534,105
334,160
425,184
542,126
471,194
132,50
200,78
103,50
407,193
293,226
219,190
149,79
585,172
439,67
337,85
520,132
145,230
535,90
86,312
535,169
102,132
373,251
218,116
335,49
79,130
611,77
533,128
429,271
69,148
188,67
125,188
206,60
384,265
531,214
97,75
203,248
553,188
177,256
415,183
379,266
399,215
333,113
281,151
491,56
364,130
212,78
101,48
279,145
130,131
465,286
218,51
165,70
214,181
287,107
210,54
512,182
407,251
225,128
354,116
63,184
184,58
547,61
516,207
551,219
494,275
128,76
272,64
92,303
552,166
426,217
241,97
561,245
576,98
554,83
352,45
158,142
549,219
492,74
521,62
277,69
260,140
340,257
194,199
61,115
107,283
287,256
152,226
285,60
273,245
463,260
531,125
174,83
350,94
493,190
124,200
448,278
317,52
527,80
517,46
406,204
243,270
342,157
543,223
338,273
301,60
535,189
280,237
127,258
71,165
203,264
557,242
132,201
366,196
233,272
391,178
367,43
59,75
446,253
545,147
414,70
119,81
604,164
85,188
89,110
410,130
294,133
556,224
553,182
255,118
79,60
85,73
192,213
144,260
170,179
341,278
141,265
165,75
149,131
276,183
191,145
530,139
239,161
356,184
240,249
388,134
293,170
399,142
503,105
389,104
377,63
201,195
72,85
292,234
427,262
364,72
161,61
91,131
395,51
487,56
552,91
559,104
227,256
288,158
345,136
165,70
536,227
75,199
205,156
478,265
266,256
379,279
133,187
560,213
441,241
129,172
543,146
77,132
356,144
149,107
102,67
414,165
448,168
131,166
173,80
180,115
422,265
426,162
416,128
525,119
223,173
292,141
392,243
488,69
83,59
492,137
346,276
417,218
410,182
262,165
83,100
377,148
112,53
43,112
403,173
573,105
380,264
230,179
281,254
354,273
281,181
376,55
191,190
121,56
209,163
489,265
140,250
126,67
131,154
152,113
90,60
286,120
361,203
59,199
610,92
514,63
367,247
228,54
412,266
270,68
502,189
381,243
533,95
416,173
129,211
282,148
476,262
118,58
364,258
165,223
294,107
197,253
210,185
128,239
448,260
158,232
508,173
449,91
233,63
519,66
528,82
227,82
580,204
244,87
525,106
373,270
203,172
409,57
133,210
541,194
268,258
225,171
294,129
556,57
99,298
279,242
94,67
171,207
340,256
161,192
522,172
359,220
140,160
81,72
364,107
94,161
212,249
151,111
76,104
492,278
71,71
389,110
560,102
350,273
326,75
71,88
181,256
537,199
537,118
566,243
226,59
132,110
149,206
226,90
385,121
202,202
249,96
385,278
192,121
517,65
534,75
65,252
159,58
437,58
266,141
509,201
336,76
198,142
42,115
492,184
148,109
178,47
402,274
193,254
541,46
415,189
150,87
230,193
434,259
585,165
148,79
384,216
261,274
517,83
157,86
345,93
552,96
516,132
422,164
138,274
340,114
339,105
343,241
352,105
579,117
196,275
195,260
200,111
252,236
213,268
196,112
514,126
403,59
84,131
518,111
163,74
421,132
154,227
357,136
333,70
127,60
198,99
215,213
603,210
497,310
455,109
178,76
262,212
386,204
346,222
281,134
507,71
139,51
519,114
557,210
159,219
332,153
398,215
509,54
320,76
79,87
88,128
421,153
451,267
66,102
413,176
481,114
331,117
350,127
350,179
203,178
436,252
400,190
252,240
95,139
264,158
359,210
33,141
262,258
128,78
163,234
273,263
609,218
288,135
288,206
355,266
384,70
232,260
197,91
397,62
489,65
365,270
498,60
513,145
517,115
214,164
510,195
542,87
144,229
516,87
239,81
349,195
523,193
230,169
528,114
533,141
230,269
72,139
333,63
468,214
194,94
341,75
392,210
321,238
152,148
214,115
251,241
238,69
335,254
554,224
66,175
216,76
195,77
163,178
282,169
336,56
503,50
154,127
280,189
391,275
192,127
311,50
571,81
291,65
83,52
546,153
385,213
614,208
156,235
400,215
127,112
72,214
347,71
68,55
149,137
221,215
130,155
197,132
66,77
356,93
527,179
388,160
493,162
154,230
79,183
143,256
433,280
339,49
41,85
224,277
557,220
585,94
206,258
261,157
389,318
409,266
415,192
462,262
85,297
325,56
239,239
369,203
557,108
98,64
348,219
219,85
229,306
294,275
485,82
568,245
481,60
531,212
342,114
488,256
538,56
366,243
480,246
472,62
214,146
540,114
98,55
386,276
140,150
491,50
290,238
223,274
339,155
220,74
198,169
527,116
359,62
532,82
440,255
533,158
241,37
295,178
162,186
534,186
518,67
560,77
402,107
468,151
94,111
567,66
371,223
497,140
404,128
427,259
147,204
560,167
293,236
519,150
552,155
278,123
335,117
375,213
448,248
181,76
187,257
275,152
190,213
288,61
406,217
73,142
523,206
125,174
151,71
276,152
419,204
414,71
514,47
417,79
469,282
193,104
79,191
484,69
314,68
478,78
141,178
508,64
535,197
68,87
345,130
343,86
105,255
138,237
307,79
316,81
288,82
228,165
229,216
408,60
287,108
518,134
125,177
172,133
68,191
64,140
368,247
404,180
215,128
489,62
419,60
354,211
483,146
200,81
524,77
329,71
514,95
160,143
519,193
409,106
548,51
272,260
270,217
292,254
318,299
421,275
413,105
388,111
141,242
205,145
348,141
71,111
551,110
495,134
551,245
535,128
485,72
475,199
350,235
479,262
279,253
258,142
165,202
195,155
521,163
359,271
203,109
196,244
549,80
75,115
420,65
264,273
274,143
236,275
139,242
164,74
536,101
71,104
154,180
16,251
144,270
206,177
262,262
369,244
505,168
208,49
216,63
81,90
197,257
146,206
534,79
337,79
524,50
283,260
564,64
352,106
343,113
159,53
413,160
201,68
421,129
193,119
474,299
104,83
172,267
333,123
573,228
394,49
91,206
494,180
527,202
265,76
395,108
276,199
192,180
468,80
268,205
212,158
229,71
421,102
533,185
193,121
203,153
418,156
612,88
369,64
524,115
542,146
393,222
534,94
170,67
326,107
227,151
201,254
383,52
225,179
362,267
210,154
35,55
67,211
544,146
389,249
536,125
90,134
454,104
67,139
394,186
283,115
230,115
127,133
219,93
245,93
412,60
233,257
346,135
491,74
251,248
464,275
410,261
334,110
551,77
407,114
544,103
481,59
515,63
499,161
459,275
203,252
423,274
471,87
332,70
340,101
208,81
285,223
49,152
336,108
526,120
88,214
411,278
555,110
188,240
72,276
370,171
279,46
345,260
492,177
192,112
393,94
345,242
97,52
549,87
257,248
490,166
562,91
227,105
339,98
273,243
378,39
400,264
60,118
298,66
278,247
209,87
504,180
421,277
494,66
258,141
164,151
344,118
368,216
140,168
452,258
424,53
498,153
492,67
217,97
359,199
510,134
567,245
130,163
350,96
416,269
89,69
531,203
73,108
460,245
575,205
198,159
119,40
89,247
353,103
553,80
548,66
543,160
184,53
229,188
152,255
514,201
201,202
352,91
404,72
466,72
518,161
419,147
510,203
213,207
353,190
470,193
504,200
348,249
134,69
381,65
163,71
142,54
339,278
398,254
518,152
137,127
519,125
164,106
513,195
491,157
284,267
337,95
306,58
348,47
197,126
192,144
264,114
335,75
369,48
571,106
338,63
397,170
551,122
77,138
269,191
335,114
357,241
346,153
372,251
409,280
162,67
132,275
185,247
524,89
309,76
411,198
441,268
133,78
355,217
285,130
175,142
155,78
350,120
416,101
367,117
203,195
153,243
408,278
153,230
325,141
87,59
202,127
198,270
209,81
521,164
552,210
283,264
155,251
406,260
498,144
69,150
160,152
559,136
206,117
552,126
522,93
293,191
262,233
221,145
635,216
385,167
66,166
291,55
598,127
356,87
63,57
382,70
404,263
167,260
283,212
365,46
148,85
561,165
346,48
244,250
196,79
355,146
415,117
494,277
91,78
169,259
421,126
423,257
280,165
262,119
337,84
176,80
293,252
197,251
417,242
382,131
240,258
61,133
289,60
570,86
78,150
181,107
424,195
142,265
157,127
437,261
38,82
80,55
521,190
380,72
383,128
321,67
589,300
361,209
125,212
507,55
334,151
261,239
351,104
160,151
414,260
422,109
201,215
408,70
89,182
278,233
557,124
561,247
539,237
162,181
490,58
614,82
563,120
159,206
62,161
489,240
417,139
405,151
379,72
91,186
547,25
351,250
527,77
459,265
350,65
331,105
417,123
473,24
66,169
539,279
132,229
518,211
629,275
383,280
162,177
284,58
570,240
181,244
449,264
171,254
150,85
159,232
448,91
252,243
191,96
220,182
380,192
522,199
126,153
200,90
563,121
212,251
279,259
467,76
130,212
516,296
549,121
541,277
196,114
395,57
162,52
539,73
162,239
347,193
164,271
267,57
565,94
237,271
42,106
441,259
467,69
155,54
413,164
330,94
365,113
277,71
60,123
330,142
560,80
385,277
84,85
212,85
369,205
461,250
216,201
501,113
143,138
543,142
288,176
565,234
392,121
533,200
121,63
186,52
77,207
555,248
536,166
227,56
149,182
574,195
78,200
105,285
265,46
539,208
292,262
331,173
60,78
351,143
520,177
285,212
222,153
77,210
351,239
339,276
403,53
431,243
73,174
78,105
387,72
396,53
524,190
275,268
411,217
193,216
141,218
580,227
468,77
277,193
270,211
162,256
540,224
410,312
528,108
157,152
483,156
386,216
502,149
196,74
310,67
60,148
271,275
393,142
40,79
460,147
219,194
504,169
349,79
317,57
371,253
510,307
472,187
66,156
398,70
336,127
237,74
70,46
154,276
130,71
449,86
227,142
295,168
488,154
523,69
160,152
401,145
287,130
309,50
380,282
211,205
360,194
193,250
142,139
132,59
257,239
228,236
557,84
377,157
293,244
383,191
417,211
346,95
256,271
412,120
230,86
196,197
450,254
150,122
423,79
353,149
556,60
274,119
468,258
535,162
346,183
203,274
359,110
550,192
349,66
260,244
362,270
76,176
360,153
557,25
289,169
282,130
548,222
331,278
400,74
343,149
213,98
404,193
225,204
361,72
215,54
80,294
478,212
183,99
300,291
204,86
72,102
142,84
527,212
134,210
265,181
164,64
153,212
386,169
283,61
373,243
601,113
146,267
499,185
421,241
391,177
351,206
220,174
486,56
262,126
315,65
202,144
517,185
560,255
411,148
216,147
62,203
129,77
174,69
567,102
68,39
292,49
539,76
537,63
253,107
391,256
140,239
631,268
171,56
185,46
145,68
470,177
332,128
520,107
159,277
361,216
282,274
216,210
564,80
465,250
291,47
532,57
359,251
510,75
266,153
160,153
525,91
185,52
58,223
409,152
417,134
335,64
121,262
401,177
264,265
547,172
220,263
370,207
476,250
523,219
68,120
366,43
531,71
192,121
96,72
495,76
161,157
56,314
515,155
148,141
354,119
527,50
382,263
287,141
328,292
355,95
90,49
166,68
410,164
382,282
73,150
347,241
275,149
567,122
158,275
550,48
138,156
85,213
95,142
357,149
364,113
64,189
207,192
423,43
560,181
288,145
165,262
423,133
461,259
151,56
273,258
544,171
460,251
224,146
225,82
495,183
219,75
71,137
541,80
462,69
174,122
414,46
336,262
394,159
359,119
459,252
160,71
295,45
525,110
485,58
557,125
515,85
174,260
408,288
65,82
211,277
135,35
415,247
531,108
445,152
216,130
199,125
217,142
360,202
87,190
544,88
167,238
396,128
387,229
173,237
162,218
523,70
265,197
374,158
168,197
251,246
124,73
621,65
78,170
346,69
412,188
316,60
553,160
130,119
424,50
77,77
335,96
566,67
364,276
271,255
374,268
328,110
346,77
214,55
337,127
401,60
579,219
501,85
394,260
282,167
214,182
71,117
343,66
370,177
224,206
70,199
467,246
446,272
63,85
487,60
36,52
360,255
514,84
409,49
143,176
485,261
406,263
177,75
406,249
302,81
423,106
255,242
634,62
400,44
461,75
293,234
206,74
150,246
107,32
140,274
537,88
315,42
335,260
142,178
292,42
560,232
604,114
198,47
437,261
523,143
67,116
439,64
151,62
152,268
546,110
89,161
614,113
561,86
361,69
536,282
419,131
214,98
350,208
298,54
333,286
539,92
407,175
270,50
483,59
393,63
511,303
506,121
198,130
210,79
394,252
130,56
30,185
202,102
390,81
228,190
326,161
388,152
251,253
501,173
489,72
359,216
563,139
68,176
200,47
107,288
347,264
178,272
234,60
455,110
89,196
370,70
565,148
536,145
578,180
133,270
412,208
215,172
469,60
165,110
237,254
62,140
150,178
141,75
365,205
338,128
214,266
531,185
353,45
263,195
564,224
123,66
131,179
571,106
62,154
381,146
357,274
413,275
68,197
260,165
201,248
351,250
412,51
337,154
141,77
546,152
208,144
392,132
220,271
218,238
532,213
135,201
196,50
500,174
207,177
122,55
200,113
228,93
404,148
384,216
353,81
413,201
539,103
427,257
289,140
290,264
544,227
443,264
578,185
361,207
495,84
160,119
413,221
171,230
547,222
548,210
397,131
70,200
534,86
399,76
537,285
347,129
235,265
334,101
465,62
103,56
471,65
164,156
143,177
355,84
71,270
154,44
54,196
516,212
521,100
78,137
570,119
80,191
467,244
80,119
277,134
377,280
355,113
526,140
291,82
308,58
542,90
261,259
133,136
190,216
69,133
565,219
384,64
580,229
550,151
252,256
227,114
191,97
68,157
218,125
548,50
153,163
59,86
388,265
364,48
563,193
152,183
206,208
556,150
424,63
632,181
517,57
73,115
375,267
392,172
509,133
276,220
397,195
184,240
126,255
143,231
364,219
543,34
102,53
602,245
130,112
357,90
214,78
89,174
94,103
454,277
106,61
626,206
537,176
224,86
277,258
224,253
337,57
287,139
210,60
336,254
349,214
157,159
444,246
393,193
522,159
147,79
174,271
436,57
473,178
369,215
69,200
617,65
366,282
75,87
374,75
608,199
156,81
124,255
405,159
388,116
277,66
524,223
140,239
78,48
298,75
556,96
201,160
516,110
354,154
527,216
330,126
330,245
133,227
378,44
484,274
284,163
128,259
267,169
389,254
111,53
127,68
180,247
85,50
534,185
540,52
61,132
476,60
517,186
249,267
158,135
541,58
510,82
37,77
232,234
60,96
605,170
458,249
388,257
274,119
371,263
76,176
575,100
571,208
84,71
594,61
227,152
367,250
360,133
548,155
476,209
93,155
550,161
72,180
80,80
559,112
509,79
464,242
456,272
173,61
130,46
329,93
475,309
142,213
230,238
446,259
379,44
531,117
472,190
376,260
312,74
273,145
135,265
338,266
364,252
130,150
401,203
191,213
597,258
484,186
225,49
410,214
214,193
539,70
554,118
363,198
332,157
15,244
203,273
362,220
472,246
371,51
250,243
261,138
525,48
393,196
346,161
528,219
427,272
530,223
191,179
191,136
78,296
134,161
37,98
69,216
73,281
409,131
276,146
619,68
106,62
206,83
332,123
224,97
263,262
566,199
93,162
611,103
137,147
220,177
440,64
150,62
267,123
212,131
486,82
540,206
163,80
497,285
416,54
527,180
199,121
53,191
327,53
76,189
211,158
396,23
421,143
605,58
192,53
507,79
89,187
532,170
572,105
275,129
181,51
359,247
67,171
393,243
170,60
138,254
200,161
552,152
490,151
206,84
151,168
355,198
528,169
480,227
413,210
425,262
372,218
233,242
518,69
344,73
372,252
176,57
29,202
425,68
511,117
86,56
208,158
400,277
40,268
139,274
205,261
401,255
274,155
367,255
154,187
479,278
476,73
217,309
210,159
398,209
315,48
512,128
370,246
218,161
133,118
211,246
102,57
279,233
170,77
424,67
384,280
209,211
253,117
287,259
534,196
211,250
184,262
425,260
295,210
291,225
383,61
285,164
565,86
534,74
60,129
236,264
130,79
528,86
533,76
341,110
390,248
196,258
414,42
475,83
167,54
180,110
203,76
278,134
526,47
74,207
135,254
364,60
365,247
173,80
559,228
406,132
419,164
230,241
224,197
534,199
424,44
154,273
62,180
195,138
517,205
290,115
455,266
547,60
230,275
370,52
294,215
228,181
330,135
548,225
293,53
40,84
288,253
425,189
510,49
140,181
133,252
231,269
512,83
130,210
525,60
339,152
88,118
68,109
134,73
384,264
155,180
139,315
197,245
547,129
51,182
145,211
262,231
554,172
357,60
274,194
324,65
135,85
114,59
401,123
130,252
402,105
316,65
400,56
430,272
214,217
85,141
266,56
225,76
537,80
209,265
85,135
295,204
40,95
292,262
261,262
361,79
185,84
133,140
491,65
61,88
386,202
261,119
196,58
274,173
370,197
135,246
548,69
327,82
537,148
179,78
543,47
473,202
151,259
567,83
286,152
230,157
587,159
578,241
370,269
207,59
404,174
362,243
532,197
90,182
560,142
216,308
403,207
423,168
560,85
611,21
262,172
404,79
374,82
364,176
118,84
86,114
522,118
106,290
347,141
229,171
145,128
324,302
124,52
385,129
206,59
486,51
557,77
330,91
179,72
355,263
93,299
510,305
144,267
472,271
130,108
184,260
124,82
532,176
536,26
509,113
392,158
527,158
135,116
368,281
396,279
277,236
212,203
192,48
55,199
267,169
189,144
418,251
262,272
128,177
563,75
187,65
433,271
341,126
279,187
352,277
515,64
503,138
131,175
131,241
154,78
291,77
60,128
80,171
220,152
87,123
80,94
90,170
220,260
293,203
549,226
251,111
171,68
335,248
272,223
143,256
170,254
278,58
432,30
226,198
76,70
483,68
486,146
155,139
583,164
337,44
181,58
221,116
391,215
526,226
129,191
374,63
509,133
174,127
251,101
138,246
395,102
326,135
422,138
91,132
189,94
357,269
181,251
398,50
381,267
300,76
297,57
377,194
252,250
60,189
327,274
498,150
571,231
65,241
408,177
377,155
86,173
474,247
385,153
227,95
548,238
191,68
290,210
391,201
262,216
148,216
502,46
140,250
342,120
344,257
496,168
365,82
201,191
444,187
148,73
275,115
217,193
488,56
325,112
66,174
215,269
63,131
198,161
447,280
282,64
512,170
208,207
53,299
158,111
151,130
532,96
560,147
399,146
157,221
244,241
117,93
56,197
43,113
193,162
286,186
143,187
125,182
560,147
63,138
243,260
286,262
187,255
537,232
124,85
468,67
144,156
87,152
422,253
171,155
153,66
396,103
316,74
273,234
228,204
516,218
218,214
158,230
560,54
617,242
471,72
136,160
348,269
115,273
65,90
372,207
515,51
224,110
459,254
463,247
115,272
370,52
268,63
419,218
330,69
292,81
563,151
73,166
567,227
347,248
487,154
307,73
514,204
206,103
205,132
414,184
403,104
217,61
104,56
167,250
500,182
81,182
60,51
183,60
547,71
554,49
81,156
523,146
516,194
138,262
240,76
133,192
108,79
399,87
131,64
579,316
154,76
554,65
398,250
91,69
340,105
157,195
212,130
491,69
420,265
238,238
395,168
125,60
298,69
92,62
42,92
412,183
86,121
535,202
550,77
543,199
184,46
544,137
87,166
224,173
545,191
373,64
270,224
509,197
266,246
560,178
554,189
327,140
630,276
54,186
375,183
150,191
127,237
66,190
405,264
404,188
403,144
520,82
90,107
209,181
144,78
150,264
463,275
95,129
148,252
72,154
222,159
446,247
84,89
158,212
203,94
134,261
369,181
515,168
227,51
362,57
335,308
490,261
510,193
125,48
438,64
64,54
513,259
386,127
193,249
488,74
202,101
349,200
574,71
273,61
137,75
475,58
293,183
142,223
451,277
329,129
205,91
542,83
228,201
191,107
139,68
540,232
404,159
101,74
66,260
372,81
180,131
147,209
541,150
489,60
610,100
225,273
273,162
108,82
66,145
307,74
77,130
64,74
191,149
185,82
544,54
414,167
469,64
406,241
349,54
153,263
334,248
127,200
602,116
565,60
264,246
564,233
73,161
344,81
478,76
405,124
125,140
240,266
406,157
566,124
224,213
326,54
359,181
116,229
369,54
205,256
210,252
514,149
288,268
495,65
381,61
497,147
415,57
387,171
283,178
399,291
158,69
140,131
285,123
65,108
421,111
538,53
106,83
517,121
95,212
155,195
265,257
141,132
358,262
386,157
459,178
512,204
145,82
509,159
360,87
212,194
356,57
92,50
386,180
373,263
169,248
139,71
328,102
15,28
175,275
38,59
521,136
415,218
136,229
225,161
262,144
41,104
216,68
150,82
557,97
350,50
79,126
357,64
560,113
138,240
273,207
195,238
505,126
149,73
206,241
403,151
51,171
155,55
515,97
460,262
131,234
399,244
507,177
417,174
410,145
81,122
65,167
518,170
542,123
65,120
561,75
437,63
248,107
76,110
561,164
78,98
538,55
478,68
142,117
76,285
53,192
133,65
304,296
539,80
99,60
614,83
390,138
524,133
201,154
608,303
266,79
545,49
216,105
152,150
66,63
124,174
329,61
193,189
285,200
153,248
516,162
59,119
489,87
99,82
286,198
537,148
162,51
248,271
566,106
133,134
540,93
422,70
242,254
406,198
396,187
210,194
498,283
163,151
343,275
593,140
297,61
192,109
193,107
517,186
536,83
209,276
404,273
205,170
132,55
43,104
469,69
290,261
59,89
397,144
139,209
68,85
262,250
133,107
553,165
476,54
233,240
350,271
343,116
378,194
94,75
491,169
368,254
204,163
290,180
80,173
141,200
550,67
217,156
377,193
440,269
332,42
397,60
478,78
260,242
135,207
245,184
411,160
190,127
465,166
246,263
222,252
534,133
283,231
343,120
128,259
446,278
325,273
240,83
193,206
460,259
125,107
148,63
250,109
350,243
349,94
530,158
68,150
207,79
552,59
350,188
216,205
78,72
363,66
65,119
528,164
531,181
477,242
276,161
356,250
345,201
397,299
219,256
235,242
389,254
339,129
262,188
171,171
140,265
277,133
206,91
199,99
385,125
420,56
381,215
230,58
487,154
112,275
145,153
76,259
532,144
201,185
191,74
574,80
142,82
431,112
573,100
260,232
269,81
547,184
392,143
231,252
207,172
419,188
348,270
562,193
134,264
400,218
115,79
223,84
158,193
265,119
479,245
370,187
138,193
225,97
521,101
429,65
279,112
476,269
314,41
75,48
57,72
210,173
307,74
515,63
293,231
476,61
71,140
371,277
87,51
367,278
141,238
142,125
502,131
529,294
257,238
576,308
368,212
186,289
68,104
160,233
62,78
507,51
207,210
267,157
522,136
568,190
342,87
49,168
460,250
192,60
165,237
151,70
94,299
511,304
514,157
392,100
232,262
394,246
369,46
125,269
481,59
362,62
278,145
147,116
254,265
384,203
517,182
159,62
146,234
272,189
161,112
190,143
337,119
265,77
153,85
35,206
349,267
115,269
516,211
179,65
290,43
361,221
518,184
354,197
135,74
198,136
574,69
325,88
561,88
509,172
406,78
553,137
153,66
385,48
162,162
416,276
239,246
558,104
400,102
292,154
357,47
575,78
103,62
94,183
347,244
289,225
546,57
349,205
565,108
415,121
85,56
274,133
106,79
543,239
344,150
72,50
219,163
230,88
562,147
530,77
217,261
325,274
477,253
61,46
176,53
77,111
57,221
476,247
325,128
449,279
59,153
367,269
82,113
334,125
126,173
140,254
59,190
562,158
286,226
411,252
272,210
148,171
250,255
284,187
264,182
415,64
244,255
94,81
222,276
160,274
173,129
200,157
164,153
541,276
547,38
156,216
409,255
548,120
213,146
131,152
404,88
568,227
257,258
492,79
549,237
159,79
165,62
78,190
278,63
215,276
411,187
515,118
405,274
196,143
291,114
64,186
325,248
367,77
288,156
356,244
563,152
205,277
296,279
93,133
289,208
419,59
375,249
517,116
398,149
538,94
271,240
532,197
249,183
182,80
186,56
253,236
351,96
375,167
359,112
165,47
367,186
567,103
284,177
420,192
393,64
151,274
338,265
67,60
81,136
468,211
409,52
106,288
402,189
47,151
380,136
171,261
441,290
313,67
571,232
498,292
76,206
75,66
117,264
57,200
161,265
355,271
216,159
326,63
409,50
349,114
83,207
513,291
135,48
353,126
64,138
251,250
183,105
289,258
235,259
358,219
357,60
341,242
542,117
346,54
168,58
149,180
363,110
349,187
603,113
599,127
294,111
357,188
167,45
579,193
389,162
476,54
83,195
512,102
195,246
109,126
72,123
69,186
92,145
602,83
306,71
345,46
193,238
90,160
531,126
463,156
528,82
130,185
226,145
343,274
429,246
353,210
323,48
238,86
81,107
402,155
332,106
229,51
446,242
480,183
197,123
294,248
419,220
356,78
486,53
136,197
75,155
51,268
197,244
128,228
133,115
574,217
396,268
308,75
161,214
415,82
75,100
265,141
495,80
564,70
483,260
191,63
84,193
93,186
137,286
483,70
281,262
171,276
140,43
495,66
539,252
211,55
520,153
248,240
554,92
402,166
152,65
469,174
151,198
270,64
342,282
532,107
268,210
96,79
393,250
360,64
123,86
249,105
354,244
493,130
355,268
307,74
293,43
183,240
575,98
538,107
188,266
516,128
156,241
60,75
328,116
200,125
372,70
420,37
225,240
562,194
201,259
402,205
542,225
47,160
154,214
164,79
424,275
569,237
163,251
68,235
419,69
344,110
575,233
287,259
18,118
397,79
451,273
214,45
387,247
277,210
502,200
150,122
539,82
148,185
118,80
117,67
145,220
225,248
559,120
172,254
293,211
236,72
218,246
65,136
402,103
557,115
211,214
268,162
486,247
539,151
331,40
507,102
227,248
296,287
290,194
564,183
516,119
275,162
224,145
390,60
370,279
364,104
329,165
290,208
548,105
422,164
546,55
278,168
541,187
76,122
93,169
398,69
287,210
232,248
81,222
216,148
190,130
567,77
82,168
133,188
525,190
403,47
86,70
385,117
463,251
81,136
537,144
355,93
327,86
405,164
208,59
359,112
363,77
145,86
225,89
479,249
128,80
194,137
345,128
556,60
290,170
559,115
256,267
591,202
125,251
510,154
335,63
160,120
70,206
94,178
164,233
211,149
78,76
416,80
46,134
148,190
549,201
424,119
474,195
522,170
225,210
471,60
519,205
153,225
230,109
274,64
551,92
549,175
482,48
291,54
272,137
483,97
327,43
572,211
148,244
481,258
361,78
293,269
540,105
418,113
189,198
87,303
406,278
561,81
142,71
239,248
503,80
348,193
507,132
411,43
213,205
386,114
236,65
231,186
170,77
300,62
62,155
512,210
493,52
67,55
331,97
521,65
218,124
297,78
500,146
65,77
363,149
468,63
547,82
403,125
200,110
290,49
345,107
181,49
257,132
286,81
554,226
401,124
562,77
375,199
253,274
384,265
184,59
285,205
476,218
323,50
127,178
178,48
195,139
158,206
504,202
286,121
509,97
52,180
216,243
138,204
504,128
468,64
411,45
353,233
61,168
105,72
190,257
333,61
556,141
225,96
136,70
208,175
348,160
204,208
192,79
548,46
158,111
154,148
484,76
471,290
247,91
143,190
440,71
543,229
383,183
67,256
560,84
220,163
547,109
194,92
61,210
404,110
133,81
550,156
94,54
127,187
336,269
130,236
480,213
91,59
157,54
330,112
269,166
508,174
264,269
476,51
282,270
385,173
265,251
71,106
153,233
495,193
548,149
523,113
274,187
220,78
259,149
352,116
127,276
460,244
238,271
414,246
192,47
500,69
505,177
216,267
164,186
158,66
475,55
530,198
450,250
405,80
478,156
368,275
144,199
560,117
326,279
67,119
559,105
481,179
273,163
280,168
398,196
91,91
134,167
110,61
199,105
92,88
223,146
507,114
517,112
389,42
291,163
142,136
165,267
292,192
348,221
338,262
396,56
93,120
549,81
77,170
135,271
507,293
552,192
349,83
164,76
82,150
503,59
422,263
347,62
357,252
224,186
207,153
548,186
558,26
71,130
325,262
103,77
505,41
376,221
198,247
264,196
496,49
365,202
597,132
313,74
222,184
159,265
228,126
305,70
409,277
316,300
157,213
435,280
411,270
188,51
163,65
409,263
262,129
188,243
514,117
259,273
422,150
217,112
590,57
362,100
401,166
147,242
288,106
362,215
345,134
214,112
79,196
553,219
152,196
608,160
470,245
107,65
573,195
391,133
341,42
148,209
572,115
266,124
65,193
374,198
350,154
170,84
275,255
258,250
189,256
535,237
66,187
325,144
396,155
340,279
66,264
475,77
558,250
274,218
178,258
74,107
133,137
340,104
300,71
527,121
142,209
47,131
338,70
180,47
161,121
559,60
200,176
356,138
296,42
198,182
214,59
329,251
525,65
277,128
33,276
564,226
378,193
277,104
539,276
513,130
92,143
354,94
181,108
406,173
416,244
325,272
414,60
163,73
238,245
420,191
528,191
229,162
66,216
486,66
22,102
378,52
278,63
201,261
137,174
79,178
135,252
422,146
67,172
426,210
505,203
458,263
574,87
146,58
145,49
295,140
142,260
350,110
401,182
232,255
293,253
578,49
256,239
469,252
202,248
130,262
399,276
262,189
372,245
160,55
500,195
406,194
335,113
492,74
60,69
201,91
70,207
38,61
403,147
161,124
263,122
520,159
191,208
468,173
351,148
155,193
521,97
504,80
359,154
549,117
467,64
512,301
152,211
190,73
520,106
380,274
302,60
513,104
421,145
503,106
541,48
331,160
330,160
261,268
316,162
192,101
248,243
516,124
142,169
375,277
576,220
513,78
326,69
408,201
150,130
353,113
282,55
64,86
364,50
499,135
596,136
231,271
254,118
357,51
558,118
390,244
332,148
400,103
438,64
89,70
561,167
346,71
522,155
528,211
291,230
524,293
545,85
331,116
263,265
155,65
530,181
543,151
555,193
368,65
164,155
483,74
282,64
531,214
67,133
260,128
93,157
155,123
306,43
419,51
404,55
238,229
344,94
62,97
559,203
296,71
130,133
83,158
362,51
131,183
470,97
396,170
397,184
397,149
330,89
269,201
418,122
334,242
342,149
489,311
230,131
322,79
180,52
572,81
226,252
190,130
44,119
389,48
329,119
236,73
177,52
347,70
36,56
114,69
252,274
114,273
281,139
152,145
402,82
410,155
567,242
417,76
584,164
387,146
563,223
378,243
92,177
416,82
147,74
567,228
468,267
316,302
285,263
356,140
348,247
319,77
486,178
342,259
587,165
292,116
203,200
78,136
371,171
564,147
330,287
401,250
626,297
518,141
415,148
508,179
496,59
227,75
415,70
354,111
69,77
244,273
303,53
131,159
75,206
139,143
261,194
163,276
271,196
422,77
357,223
352,210
133,274
580,243
287,267
85,300
533,84
333,58
502,107
513,145
171,73
356,73
354,104
229,121
66,94
425,182
398,177
342,61
227,67
534,150
406,103
292,218
169,65
382,129
504,177
197,88
549,174
93,170
160,191
199,211
131,203
337,150
512,65
571,78
440,266
421,142
298,49
196,112
390,204
94,62
188,75
263,236
529,196
483,82
294,214
568,108
245,261
553,160
69,61
210,188
195,209
189,213
281,257
513,65
271,167
65,77
537,166
559,213
190,206
528,154
210,266
406,196
432,133
138,268
568,233
61,148
512,134
52,161
357,129
249,247
368,192
357,150
385,262
132,59
282,178
533,187
292,160
538,92
233,261
194,240
306,67
164,112
277,252
294,225
403,65
303,282
258,270
562,70
392,60
276,259
410,219
542,115
197,147
419,147
553,68
172,276
206,125
274,128
350,130
490,53
427,45
354,109
540,277
516,52
531,84
546,145
505,202
440,274
443,72
67,210
389,114
77,290
363,61
549,246
395,260
476,253
84,148
447,52
301,53
68,84
571,216
265,200
388,138
157,209
276,75
194,206
207,66
44,118
273,68
577,246
118,57
554,91
551,103
551,140
97,62
281,300
63,109
473,62
522,161
131,123
415,46
573,273
156,269
374,70
178,182
547,218
157,217
279,239
417,266
210,98
133,176
538,193
431,259
211,255
179,239
65,122
437,244
523,111
523,47
426,246
142,123
373,214
560,169
571,197
144,172
491,172
465,253
130,180
164,269
505,181
395,166
218,62
247,163
290,63
198,263
262,214
81,215
509,66
564,175
488,263
163,54
149,65
99,69
144,236
495,200
361,211
196,161
495,283
219,58
221,135
257,256
573,85
206,186
145,50
365,56
500,55
354,105
218,122
218,256
415,72
556,81
499,296
291,158
494,154
209,145
465,184
383,121
161,156
272,49
360,78
350,277
85,134
124,252
175,60
549,106
283,67
263,131
205,178
593,99
121,68
136,137
193,87
224,155
149,127
132,180
512,156
546,170
144,232
299,52
420,195
212,254
392,136
421,184
510,157
540,49
338,157
487,179
460,258
538,179
448,254
133,273
579,226
475,50
126,155
121,242
227,261
392,171
222,161
218,164
395,172
93,320
397,61
417,137
366,56
86,87
209,258
109,188
198,144
248,241
536,143
120,51
202,120
285,211
462,131
162,136
222,176
215,160
384,58
201,106
89,117
527,115
525,163
227,196
575,222
415,257
537,166
520,123
595,145
379,143
331,266
468,40
584,172
564,87
523,224
473,192
569,210
210,177
139,244
598,280
342,273
529,161
228,90
170,270
525,135
225,170
535,104
360,188
169,239
398,132
373,277
222,156
193,211
356,83
348,263
163,205
135,60
569,70
133,75
315,48
387,169
355,216
215,173
415,185
384,246
544,208
428,57
422,187
170,82
471,255
186,276
355,275
467,161
409,62
71,51
543,170
549,197
437,258
141,206
34,62
63,201
331,51
85,134
77,74
480,49
558,102
199,267
509,198
200,179
503,185
191,155
156,206
163,60
555,67
190,121
553,205
308,52
504,266
572,197
491,157
190,256
134,270
189,134
448,257
94,161
574,194
529,180
498,74
385,276
562,247
361,101
521,116
148,109
556,143
136,253
392,113
358,187
397,145
152,158
70,272
360,208
501,168
308,61
384,274
247,275
353,250
388,53
347,210
568,80
280,124
394,161
353,183
365,72
144,237
390,262
266,133
190,239
148,232
159,230
503,62
62,90
81,111
490,163
590,154
528,220
162,50
221,116
169,138
337,78
234,201
213,166
558,245
561,136
196,114
526,87
232,252
200,256
90,108
264,53
458,118
544,276
153,51
129,236
518,204
411,177
284,120
311,185
219,46
225,142
209,130
505,113
215,98
361,118
105,191
344,47
341,248
74,110
519,68
547,84
534,85
511,133
526,200
519,51
224,251
381,279
357,87
423,46
129,168
151,219
155,210
372,125
389,145
144,60
169,246
495,150
389,186
533,123
270,272
529,205
326,80
407,199
150,165
391,55
142,130
512,99
229,49
473,202
126,255
365,55
553,201
274,218
147,214
507,150
62,132
271,240
226,187
450,259
560,98
409,179
528,96
212,151
83,155
422,191
553,169
191,187
99,46
531,148
468,170
497,148
138,311
536,149
310,70
224,56
471,59
343,116
324,83
519,87
411,207
423,129
354,78
484,159
160,111
502,60
415,206
207,122
346,205
421,171
258,128
343,133
296,50
197,91
354,115
286,68
455,145
278,169
351,55
255,249
422,199
393,57
591,188
132,63
335,278
473,202
355,168
515,113
199,206
279,206
260,156
365,261
178,84
190,274
469,55
271,174
266,167
528,115
254,270
548,221
399,214
25,239
556,56
269,116
185,65
347,187
104,71
352,117
552,131
382,268
358,250
430,54
183,239
364,263
361,96
130,57
527,78
345,114
474,311
522,221
334,116
524,223
554,109
210,134
154,241
565,212
355,147
400,146
203,126
75,143
621,220
138,111
272,240
101,124
391,123
288,195
64,79
330,74
535,51
522,147
478,74
107,80
498,135
147,243
555,177
113,57
200,195
271,244
324,159
139,177
511,84
543,208
61,64
212,152
221,238
277,207
402,252
160,216
548,229
401,130
334,285
85,298
202,113
477,224
546,92
78,93
405,252
399,211
552,71
119,74
345,152
202,205
229,138
275,139
395,78
294,69
418,48
519,75
491,151
204,267
87,189
399,74
528,226
484,73
67,48
284,115
87,74
235,271
332,42
149,142
387,261
295,72
206,97
510,115
414,134
129,108
388,173
359,151
425,180
533,84
330,255
391,145
44,121
191,49
281,214
573,98
366,248
563,108
279,243
432,166
318,54
506,82
67,95
410,184
46,26
169,65
520,162
390,161
416,190
70,172
522,73
415,64
537,195
533,203
485,46
212,87
78,293
108,288
314,49
494,236
520,158
563,227
394,127
150,146
557,182
611,86
145,212
364,61
273,128
477,223
140,204
146,218
560,129
131,195
375,183
508,160
162,151
28,256
528,105
471,184
523,85
144,62
94,70
183,51
210,68
422,159
484,254
66,79
129,189
89,172
399,53
517,104
164,164
150,52
54,213
505,163
351,137
543,272
276,131
190,245
524,103
330,263
562,244
348,195
164,175
564,121
225,134
156,136
219,252
130,123
101,183
357,241
301,77
94,135
406,230
263,271
365,40
226,117
152,135
431,274
124,69
211,150
279,246
82,136
343,259
364,59
320,44
165,62
499,84
131,156
223,245
600,63
404,115
296,43
88,301
329,212
355,243
524,117
346,265
531,210
88,130
134,120
284,55
277,42
96,60
367,78
239,257
40,106
468,163
153,70
149,171
70,157
529,82
355,76
388,219
115,48
575,196
228,100
151,271
211,80
194,202
98,78
410,205
69,61
215,114
88,194
67,179
514,203
83,73
354,208
247,103
486,255
532,211
353,266
369,256
556,101
538,189
373,46
410,83
551,96
165,237
69,153
377,217
359,92
350,104
197,164
156,197
294,55
378,145
403,172
548,149
268,256
326,242
365,120
79,137
222,242
625,27
226,263
132,132
567,76
430,247
478,221
133,110
134,56
377,252
132,206
525,206
289,212
64,152
291,59
464,155
293,206
452,249
270,225
319,80
66,141
496,56
120,84
225,197
25,52
207,197
57,111
587,110
275,230
158,221
544,225
129,181
265,243
533,203
258,257
163,184
190,193
419,89
262,228
433,263
131,190
55,224
272,133
534,157
137,72
292,46
569,126
132,129
452,267
214,122
506,69
330,187
500,57
241,84
109,63
214,42
234,67
368,202
395,265
226,55
207,164
332,108
265,176
282,130
358,215
513,108
564,254
192,250
341,133
508,198
70,132
221,212
170,241
54,157
343,251
263,132
202,169
170,255
276,266
83,184
569,237
461,75
279,212
165,276
141,230
165,62
549,195
109,78
61,87
436,275
74,175
292,140
418,170
229,261
577,243
396,253
255,247
459,265
446,82
333,53
209,82
509,75
517,207
227,255
277,218
391,114
312,69
377,200
391,63
608,29
284,178
269,69
87,62
449,246
434,280
539,74
328,258
202,209
271,194
358,246
209,64
329,144
94,57
145,118
254,115
266,48
294,144
494,164
543,193
61,215
282,156
387,259
568,128
474,254
555,87
29,32
210,129
361,88
140,79
415,210
268,125
504,48
346,57
219,48
152,206
423,117
20,84
516,134
292,231
488,184
555,162
266,138
219,101
83,181
324,36
578,221
511,137
110,278
215,164
531,175
396,102
565,66
210,106
134,52
362,184
136,65
209,160
392,154
575,251
232,66
551,253
488,157
486,255
84,214
522,46
237,253
403,186
447,276
418,281
492,81
132,150
62,188
381,66
347,118
148,125
69,139
327,43
257,48
78,96
285,113
480,232
451,271
411,130
525,60
355,154
581,232
267,245
267,131
394,206
197,213
315,50
514,120
346,115
490,134
522,45
125,156
434,244
212,109
294,246
151,87
404,189
215,216
549,52
408,150
77,93
321,75
163,243
128,173
199,131
547,198
162,72
136,241
196,204
338,159
541,139
133,40
210,212
397,312
412,80
366,208
587,136
432,294
501,50
222,68
194,152
102,46
512,125
335,111
351,129
426,247
252,229
276,159
279,115
386,71
130,50
297,42
97,239
395,217
335,59
71,55
269,261
563,141
279,229
152,162
196,269
149,110
151,146
530,47
510,195
373,167
77,59
632,116
161,80
188,66
208,63
564,252
389,156
537,205
461,281
194,151
91,184
292,278
372,195
388,156
189,241
546,246
233,257
285,74
567,134
532,168
521,129
92,87
225,244
273,153
526,160
438,247
326,143
152,114
471,67
330,155
141,178
67,102
218,106
560,126
216,305
439,248
405,117
447,279
268,137
124,295
415,195
274,192
510,212
300,60
427,292
544,175
389,120
376,272
352,72
177,248
403,164
363,101
276,269
84,180
334,129
459,131
279,179
223,181
164,193
382,129
526,47
48,143
313,302
157,151
563,238
227,246
94,75
560,59
484,162
284,250
400,106
148,69
396,164
143,169
497,182
533,105
184,251
326,290
267,150
283,175
212,147
62,23
218,186
437,282
527,77
189,255
385,72
261,152
359,193
179,250
417,267
578,144
127,192
513,116
359,139
574,214
565,99
430,267
413,59
343,100
92,72
421,203
388,252
107,86
271,40
537,126
250,222
411,74
271,206
393,45
275,149
219,84
327,244
501,117
418,274
339,79
128,227
391,164
208,60
62,149
87,208
155,237
71,116
146,71
439,312
196,237
214,90
135,50
295,252
95,67
411,70
408,245
495,60
282,67
200,173
225,122
194,67
548,74
514,121
472,261
415,101
511,91
540,171
590,150
424,50
346,270
89,216
489,58
563,85
77,153
478,66
207,74
215,153
529,46
149,213
390,201
533,85
495,177
198,55
415,116
181,245
381,237
401,110
385,210
228,153
268,212
528,116
541,230
517,71
146,151
498,294
543,226
548,257
162,265
621,61
104,65
446,252
223,241
74,95
82,164
363,140
519,131
133,274
269,236
557,116
153,233
563,143
159,234
568,189
93,180
262,208
401,186
124,50
60,66
214,193
212,53
282,113
512,200
138,63
180,79
290,255
39,76
522,128
488,175
192,170
215,253
383,134
414,104
212,131
550,132
40,93
547,204
63,73
164,214
501,57
560,83
562,166
462,140
493,53
450,261
285,260
28,65
137,218
454,113
293,229
558,122
536,212
289,149
216,176
180,274
485,163
196,77
579,48
480,275
395,52
73,198
76,115
312,73
530,77
484,92
129,66
490,150
398,105
147,80
331,127
325,108
556,151
72,121
162,244
214,112
423,74
476,212
570,84
519,85
532,182
409,196
407,204
205,64
150,116
331,42
410,222
137,211
501,57
354,138
379,44
355,113
508,53
432,242
391,77
85,125
223,187
67,115
131,128
220,133
455,274
258,141
273,255
272,47
310,62
552,99
211,273
296,48
285,150
141,198
66,186
510,129
196,82
389,249
411,245
244,231
423,169
316,59
397,250
312,64
558,147
85,167
154,148
508,134
397,269
607,104
279,211
258,173
219,67
146,135
261,113
332,42
536,75
214,118
85,142
364,155
286,171
528,46
456,92
546,194
197,113
279,127
288,240
328,50
531,221
274,247
421,44
400,252
498,145
528,294
562,248
282,152
286,140
416,198
342,116
354,80
348,138
556,152
292,119
465,65
544,128
70,161
224,191
460,248
392,207
424,197
369,197
405,66
163,228
179,250
159,136
82,137
290,77
206,143
87,144
146,189
583,164
398,190
75,192
524,204
42,168
260,147
350,67
139,263
555,150
222,207
330,98
254,242
128,191
189,93
69,54
545,106
465,279
377,66
566,250
209,63
508,136
143,49
80,131
218,252
268,233
224,99
415,243
279,170
552,251
69,175
288,182
476,252
174,73
521,135
539,279
554,239
399,151
529,97
403,272
72,193
550,182
271,179
263,173
547,243
337,38
229,59
390,258
201,206
289,200
564,39
402,68
512,121
553,71
202,98
288,111
265,48
199,257
54,285
270,253
391,171
99,52
356,54
425,246
446,75
146,273
579,181
237,319
430,258
511,96
163,213
348,301
161,159
74,79
345,270
120,104
397,170
139,209
340,130
39,72
56,183
257,127
281,142
164,210
295,76
397,92
209,118
387,70
550,176
357,246
418,265
112,277
470,281
319,299
372,183
292,276
141,183
232,249
157,119
360,209
369,274
548,175
404,199
561,114
151,126
270,112
447,245
216,192
456,279
521,120
361,216
59,139
526,147
214,91
216,119
525,222
332,63
507,159
242,112
550,212
454,253
158,65
159,65
330,137
237,259
420,152
564,181
311,77
474,264
527,87
220,113
181,72
398,145
156,198
64,57
128,84
225,104
161,125
465,59
473,51
205,167
334,92
391,246
241,84
205,47
463,245
179,261
394,135
533,50
60,99
261,275
169,239
431,115
238,74
416,149
291,228
355,217
159,222
271,61
537,150
557,54
138,121
213,249
290,225
88,61
631,157
421,155
236,273
478,98
611,90
356,272
423,219
491,187
259,207
548,243
210,129
214,261
370,255
72,196
536,233
267,143
544,112
284,64
137,122
84,71
132,46
275,167
214,190
500,91
449,245
132,232
198,74
159,270
389,135
231,178
492,74
284,125
510,142
535,82
465,268
146,183
244,261
402,111
209,200
196,261
61,153
117,83
125,153
534,182
419,191
186,253
153,236
416,275
399,297
207,55
151,165
194,248
368,68
413,203
148,53
308,236
139,243
492,185
288,186
347,161
156,161
410,119
492,179
157,227
277,155
167,264
352,113
123,271
84,55
212,102
73,187
395,320
195,124
344,93
541,234
567,199
190,111
244,275
385,137
329,91
554,116
359,80
127,163
527,144
291,273
290,118
471,68
544,47
280,271
390,77
380,43
503,278
568,73
225,211
165,140
274,132
39,78
152,155
215,130
576,75
474,63
474,278
83,128
128,145
87,105
211,132
156,66
172,318
496,167
395,98
80,214
264,51
193,156
217,190
381,75
571,240
180,63
221,82
226,143
564,138
162,236
389,103
278,257
291,191
365,84
136,119
542,94
400,177
254,119
377,80
360,48
211,175
198,258
83,113
495,149
502,142
562,146
536,53
148,262
411,80
136,153
525,224
132,261
365,44
613,65
558,222
527,167
201,128
172,129
175,66
407,261
351,67
182,270
128,254
128,84
89,211
216,271
340,262
268,60
169,261
311,51
208,203
126,74
541,174
167,68
467,261
156,144
197,210
322,73
360,266
623,308
518,316
509,71
481,230
401,44
179,74
506,116
210,198
336,112
220,204
80,63
456,114
153,55
476,275
179,63
146,150
482,245
335,154
222,76
70,271
541,162
278,257
423,249
533,118
422,149
551,224
19,125
417,41
473,203
600,216
182,74
553,93
409,270
534,231
268,261
466,243
362,76
506,49
548,183
418,226
291,165
539,105
234,191
149,186
310,69
330,132
130,244
314,78
174,70
513,210
362,135
467,80
477,266
263,266
280,42
406,167
457,246
506,246
335,92
373,279
130,84
131,148
108,69
205,92
358,243
126,70
412,211
509,53
563,222
228,277
563,118
484,60
349,109
488,37
268,195
126,251
210,174
206,154
629,48
415,241
143,214
510,166
409,259
543,53
219,245
19,204
538,173
517,115
65,159
548,142
93,214
81,156
162,251
155,169
468,242
269,217
140,258
407,253
618,85
78,292
508,179
294,75
404,171
181,245
265,114
140,189
418,247
156,59
77,121
360,258
280,111
529,109
199,80
283,87
512,119
192,135
396,198
274,61
70,57
482,78
548,166
301,45
602,311
189,80
161,205
143,166
86,147
269,241
197,213
399,72
74,206
531,61
527,318
92,119
426,280
181,252
364,56
208,100
98,297
541,93
386,130
200,129
157,51
498,182
212,128
61,90
225,187
591,128
117,53
215,266
56,90
533,68
489,168
195,182
114,49
411,156
420,206
218,193
505,180
469,270
500,117
35,53
486,60
199,113
404,139
511,203
412,119
546,244
310,47
158,64
394,52
497,57
332,268
492,187
305,295
600,124
501,120
403,53
218,135
606,312
275,213
443,252
534,69
227,93
256,267
498,62
472,276
249,285
549,144
417,188
83,129
417,221
85,114
371,48
549,169
71,160
250,244
254,262
348,242
142,202
259,174
400,74
292,198
193,211
513,64
501,127
29,91
402,64
241,246
519,72
548,203
339,281
267,123
325,160
228,242
348,93
185,241
212,171
192,72
137,236
349,142
544,81
290,267
226,155
75,99
526,209
180,237
60,165
453,75
520,214
532,169
348,97
232,256
622,102
233,238
213,145
267,121
330,287
520,212
142,270
287,276
164,177
177,54
361,71
77,83
549,99
74,82
622,200
272,115
325,88
136,162
61,167
68,98
118,65
279,203
424,70
500,197
72,94
92,100
400,141
520,66
432,254
93,163
368,270
93,155
281,138
363,211
197,192
84,52
270,202
491,138
117,266
224,214
135,218
359,80
176,47
196,98
126,65
316,122
179,84
290,161
107,73
96,50
215,80
295,75
180,60
407,218
534,188
425,64
325,93
327,77
605,111
493,71
531,54
193,273
568,236
147,246
210,193
272,122
369,51
288,248
92,83
163,131
105,80
510,81
203,113
45,116
198,313
93,58
381,213
437,40
363,110
190,164
428,268
478,57
544,184
192,169
185,276
268,226
269,172
162,186
411,272
582,50
283,240
90,201
216,96
499,136
415,140
161,132
62,221
309,74
40,86
194,197
348,214
519,126
186,85
332,268
542,262
277,49
357,155
575,150
272,134
53,173
537,191
509,195
43,231
408,56
82,133
285,208
542,197
128,231
598,129
126,200
95,58
349,130
392,195
495,161
576,236
236,246
595,132
210,56
181,54
392,244
59,199
417,62
441,272
233,250
60,89
446,306
70,198
470,270
357,319
318,160
413,207
163,243
565,124
91,132
223,119
336,148
523,303
161,149
358,114
294,267
291,159
601,215
195,47
489,67
141,182
441,126
267,242
409,211
364,105
387,145
535,286
470,194
273,75
350,266
558,218
214,128
505,171
210,158
64,238
242,270
168,192
507,87
154,135
560,88
140,208
380,218
217,311
283,187
478,270
271,230
268,201
281,252
159,205
424,261
559,92
343,153
232,283
289,127
516,88
162,190
370,169
562,61
536,204
65,55
504,182
198,186
262,168
124,189
169,70
67,185
219,64
152,234
264,216
140,189
39,67
69,263
297,72
125,261
136,133
122,303
503,127
82,143
77,47
274,148
338,50
209,125
157,251
493,72
543,222
397,148
92,300
202,235
392,122
277,183
140,256
420,75
275,154
92,189
523,213
114,80
164,200
425,249
475,198
95,183
182,245
536,113
211,143
287,133
230,191
270,268
142,251
329,102
216,100
276,279
161,57
204,136
145,158
266,247
367,197
325,161
200,154
453,32
197,148
226,57
226,157
26,159
280,55
346,105
551,116
179,276
221,81
190,215
542,140
353,118
60,129
430,266
111,312
406,130
465,76
286,302
357,114
615,188
357,95
152,171
580,181
507,183
595,135
457,241
403,139
254,275
217,191
368,220
349,218
203,139
347,103
190,263
546,233
172,243
197,267
223,63
467,252
39,91
289,165
170,76
490,284
562,254
376,186
278,246
198,158
193,274
409,278
543,170
539,133
219,248
194,142
234,247
192,136
66,244
131,196
394,168
506,304
236,244
368,201
543,214
299,49
549,265
41,100
493,280
218,243
335,104
132,144
185,47
242,260
488,151
167,67
526,221
244,258
93,160
346,243
494,138
519,44
417,46
291,59
566,213
226,150
287,131
301,46
288,128
84,155
205,110
359,231
420,140
515,201
522,98
84,170
191,74
77,143
395,96
247,242
65,134
352,162
564,142
65,161
467,276
86,129
201,262
442,267
606,107
412,199
162,276
420,105
199,210
430,260
400,108
538,73
518,211
193,117
254,242
384,182
225,121
523,85
455,117
395,72
588,153
390,143
330,139
350,134
198,70
354,266
373,65
59,132
378,220
373,212
298,287
429,288
400,75
472,265
151,138
517,73
154,272
148,107
329,159
150,215
325,64
150,65
293,274
541,67
510,80
83,288
271,251
498,290
419,203
73,148
182,299
259,274
294,119
513,116
358,101
406,272
186,95
525,97
405,127
91,144
294,158
160,275
549,87
105,82
143,220
293,54
278,211
423,242
246,253
358,135
530,224
64,59
190,272
278,174
216,65
230,210
281,121
257,264
319,52
364,282
542,200
125,277
364,149
179,254
135,50
598,291
195,197
300,70
394,67
399,122
197,236
197,81
461,254
267,247
377,247
68,154
316,50
70,275
563,100
543,155
568,250
92,90
328,115
346,159
594,137
231,128
533,127
359,117
352,148
210,123
327,126
391,249
136,248
230,56
137,69
46,135
196,156
498,50
269,246
529,99
501,198
626,127
488,47
358,94
81,191
69,117
123,129
147,240
464,168
225,115
96,229
344,59
133,178
401,157
84,55
248,266
516,83
378,211
31,155
297,72
402,68
73,88
129,162
125,148
561,162
527,65
369,280
442,304
495,289
268,142
238,253
159,177
